581149860197335040
577576121962668032
579507113434570753
577223328114454528
576215093794508800
577139127059091456
577312321036554241
577741322930376704
576754146944163840
576918307871289345
578709341492019200
577376430180315136
576874396993785858
576525906346311680
576916057736138753
580452053752942592
582063282359562240
577761787912720384
576603239694487552
578785626474082304
580888918259863552
576899716757241856
576708663869464576
580219792373645313
575858180917342208
578968024973242368
578804555749552128
576703031573614593
577322147183521792
576705763801985024
576653153128439808
580500687953477632
576858370650439680
577886820329000960
577325320463765504
576729944350322689
576210782209368065
580931151390470144
576613603492507648
577829109360762881
580036198833352704
577511375213236224
580091914428497921
575826483983224834
577319932980924416
576266640192471040
577331443828797440
577018870801801216
577170999055130625
577768641065836544
581927287907590144
577479488440696832
579148854420983808
577888744700805120
577496505860300800
577262954464223232
576841240035078144
580885945794232320
577559431392571394
576870735173578752
576863384492212224
577237348309667840
577871811745947649
576314094719889409
576432001324064768
576828596951461888
579434445440159744
577877779838058496
576618339402784768
577263512260452353
577102064968462336
577843468250148864
576711176006033408
577489394585600000
577813890521653248
580581235195527168
576729921558437888
581486547641479168
577415316092760066
577530291885080577
577847092045062144
581634698679480320
578734368702619649
578542441910927360
577440030525788161
577888323118571520
578839501386076160
578636098814906368
578687172313649152
577274581720788992
576822626867367936
575985587540246528
577006260295356416
581719550930096128
576488030141341696
576815801312768001
577275455834730496
579931342869172224
581551742963322880
576537606600597505
580743773828689920
577217821735837696
580825856504930304
577288440565362689
581260053468057600
580392997222768643
577478308788498432
577488055508008961
578764528583749632
576810817351471104
576865169063555072
576308096286392320
580215871349522432
579953775764508672
576775354171392001
576851757504065536
577339828922105856
577247019149881344
580757341169016832
580949317571104768
580527183854194689
577213281586126848
576682120309039104
577808203397861376
577014022081409024
581599129433845760
576771507705118720
577026690322468864
577807715768135680
580852351105441792
577553574382551042
579915151404453888
580857944117370882
577230256014168065
580772390113816576
577445527882723328
581255740754538496
581938105260871680
580290031446667264
577416639316123648
577039437479211008
577351862040444928
576956261075316737
576253668359450624
577005727992053760
579513536029675520
578760471207096320
582048954331856896
577664509587931136
580214537787326464
576714619953242112
578821495910240256
580791458233327616
577552308382236672
581561354752036864
577660157032669184
577320844566790144
581183358132080640
577521477634801664
577429156104925184
579538270419337216
577830200416735232
579065128458440704
579035324795527169
577392577781088256
579275827566772224
576873487895175168
579523951644282880
577556424361807872
580452231109017601
577217880141377536
580277176362250240
576910635117604864
576789897253650432
580214269297303552
577702198764797952
575808025308590082
577369009605181441
576714396442996736
579034405353734144
577081261354823680
580957160152035328
577827926739173378
580727402411655170
576318997076930560
576845237974351872
576781606666383360
577189241215582208
577678507892875264
576498399333085184
578878652546461696
580100057887739904
576868221585739777
578960642972917760
579517732980314112
577307639002095616
576359777904644096
581510763816292354
576626940888530946
580885985287925760
580569866601652224
577416228903342080
576858848398479360
577846875468013569
579414978064584706
576971090595082240
577815186217824256
576857699805167616
576734399389011968
576088513726324738
577372622914215936
575869489675292673
580691639389306880
579517587974955008
579602679770394624
578542718030258176
579549536424595456
576328308352278528
579265044271214592
582067181153689601
579372227063357440
580205209130905600
577561450635522048
577039832641249281
581181518548209665
578660239194632192
577772510235660288
577435966681403392
576849141390667776
577806514909364224
577576935200452608
577266113651744768
579032247086485504
577559681998032896
577664547747545088
576463449745543168
577381878027571200
576560122027237376
579474126513037312
579600974974603265
577293607008256001
577206396648706048
577652211225923585
579021800203505664
577776922656018432
580820063986532352
577424787796049920
580571437452378112
578937014109626368
577608900033142784
578746740804714496
579253029167190016
577364585688096768
581253145713516547
576808556768436224
576758527018082304
577411446612455424
577682900788752385
576693224091185153
576596534533365761
577150983584677888
577035791039238144
581619041984462848
578997528265363456
577586126048784384
580283775965392896
578858524282851329
576736511481151488
577163513933639680
576643600055848960
580533779317522433
577481748541534208
580976600147070976
577788234853433344
578664220226678784
578487118789365760
578456741844635648
576829529861259264
576157505476116480
577675506499256320
577002871654252544
580349384719765504
578734940969246720
577713428309000192
576360842310078464
576575961191223296
576443629079642112
581649701352636417
577348243983482880
576272544757518336
577192714548064257
577827790885691392
578534268894334976
576336264678387712
576644890378928128
577253376125071360
577557307216650240
580736129160335360
577882562686644224
580815896085602305
576912483845349376
576456154370441217
577026685763121154
576690286253981696
577458034701676544
578842166996271104
581447313283031040
580980001039757312
578489364377935872
576891940509081600
578710022726660096
576297369370656768
577045128944185344
576982516550225920
576981663630036992
579517728911806464
579303412531142656
581899234342879232
576834930275123201
581469804537585665
579400735244210176
577467646502912000
579945050265669633
580056443132518400
576803661210214400
579541793928134656
576875300048498689
578689941623980032
580687411434389504
576572281499095040
576875823237505024
578730850377867264
576874989380636672
580859189976829952
576635599542575104
577732696119451648
578613720294653952
578486085820506112
578456281398177792
579180282047176704
576861753914462208
577728972189929473
577725196229996544
577795513732317186
580836323101016064
576197386059411456
577813225166639105
576799474930057216
577128628103823360
576189579272802304
576738512302571521
577128999832416256
578455603040899072
577526029041831936
576875567418478594
579523906265968641
576669351819939840
577719248170123264
579187247485820928
580098337438871553
577064491541794816
577838164255047680
577035370090643456
577254904516849665
576956620376129536
580301827486384128
579201895262072832
577152386772262912
578499612719374336
576665677316034560
578594522914955264
578456671120269312
581305362931793920
577888170903224320
576580169600651264
576740283255246848
576275275463405568
577839638120833025
577606502636191744
577468624153239552
577233957198020608
576648352441462784
576892323587567617
577748399853838336
577685093591998464
579134842207490049
580846208719155200
580315140525936640
580568964801118208
576820329378504704
576678150018498560
576688026602061824
577016250624147456
577504921559289856
576782365860737024
576249515247734785
578910881515360257
580437191307976706
577096716416995328
579598223536472064
579382402704752640
576533189939847168
580811008433852416
577201337110167552
577377386733420544
576559343610388480
577873751150174208
578894767519637504
577444777614008321
576724900116824065
577260775607279617
577226310100996096
577818607272529920
577792997372391424
580676879360892928
581842638372016128
578671791712894976
577785231576432641
577564021957722112
576555609740435456
576018569026269184
581070101723611136
576601864751333376
577835113087655937
577865236155367425
577766367941697536
576890691839643648
577666790718877696
577212028793827329
577789764344090624
577145145981673472
577572180432666624
576627998113144832
577517990029209600
578868596694110209
577664636255911936
580008197567705089
579379106367868929
576757107661279233
579312472277917696
580575651448664064
576656180421926912
576971822563905536
580570588961468416
577787345597956096
579529177822449664
576530248457650177
577215428050583552
576338232440446976
577322062089342977
576343879873486848
578664273913720833
576500269661360128
581939350201597952
578763319001137152
581471914545127424
577210409566003200
576761849552592896
581191122749407233
576875495075151873
576468211421487104
577761067222179840
577630179696070656
577275280789807104
578506604791758848
577683986673065984
581236777245151233
577019228575948800
576867685062950912
576772955084079104
578749367814877184
577026626409484289
580031221511622656
576897315346100224
577265265819410432
576365922182520832
575748476992102401
576491718574485504
577870901493964800
578604849933201408
581859269039009792
578671824038395904
581399189269118977
576480672249958400
577275934627094530
577036869583577088
577672665827151872
576721459151695872
581498472005783552
581505699995222016
576756156116369408
577684622722613248
578700562096603136
575895814981181440
576629611619958784
576725748947542016
577450531544641538
577756967143370752
577263588504576000
580519926257061888
576866281233592320
577272834344361985
577270197175726080
577476484933283840
576873595265118208
577218183863537664
575814026913013760
581559883276914688
577423088574439424
578646307860017152
577690424976023552
578734773905965056
576568848628862976
576872151636185088
577662298950615040
576882863045496832
576954854578368512
579308796519960577
576556862511828992
578649846036471808
577295602012307456
576869403238670336
580856797164011521
577611275351515136
576502467397038080
579068860852121600
576814222459473921
580769402624303104
577165985444052992
578680057012453377
580835647830650880
576753460663615488
579613136317071360
577193144346759169
581566504694595584
577300209350348801
576649463374082048
576675834339061760
576598163500457984
577260957581357056
576551092944642048
576869843577638912
576945086581252097
576785138945773568
577530682609573888
578922737608970240
577774389241872384
577205817209946112
576525324126568448
576694410630590464
577285040649953280
576997849457524738
576744219194212352
576624211021692928
576568948033982464
577738636533334017
576833611896217601
577097028401909760
576579426831347712
580345813794095104
576868470127783936
576901295778353153
576458989694681089
576875638117781504
576802335189442560
579587734601248768
577581744020320256
578653814665920512
576747170902110209
576843303846428673
576867576967467008
577528700557660160
577808534282223616
579287100937252864
576334318517153792
578991670772944896
577170358140317696
576685835543654400
577842411507990528
577305186349105152
576664693768462336
578976132558663680
578839795524222977
576989726067990528
578456116377563136
580451698386333696
582078846872088577
576426001254596608
576869237022560256
577878395679178752
576672196078125056
581958972577587200
576947997314936832
577824450479001600
577260172977967104
576589078801485824
576327543348936704
577433738503581697
577831457818726400
579418888959574017
577107658244780032
577596867187372032
577253821895741440
578606686916603904
576442770778427392
577614807081332736
577774946119729152
579597076713095168
577531791357120512
577379541213016064
578488227679490048
577328765006536705
576821372976021505
577775629187178496
577130850237616128
577886538916339712
580710374837612544
576901711509499904
577689407962161152
577156883573686272
576808740302798848
576334488294158337
575752390294503425
577308748928065538
576978930604769282
579473906052042752
577344843300634624
576561010959486976
576490695541723136
576859718540337152
581845978476634112
580793597668249600
576688839537795072
579934747033391104
580612703946936321
577327077906468864
576592818564534272
577594516221403136
577192894156541952
576873459696828416
576992225265000449
581166927361490944
579136050313986049
579528813157040128
579153392297082881
576900079761502208
577888790468907008
576873729696780288
580497664552337409
576999082201231360
577676301542170624
576863432965685249
576733822835933185
577312130535329792
577889952740028417
577751100306001920
579579308114636800
577227161138020353
579329653157969920
578962615302492161
578835734292918272
576821894629855232
581507720928366592
577562133359005696
577552767851618305
582025104915320832
576705527348097025
580731118846124032
576463525427736576
577026536785711104
576138776335896576
577333032920608768
576870588624465920
577785991391416320
577653346510622721
577798584814460928
575947861025665024
580369035637968896
578994194708094976
581259204314447872
576874960825745408
577256074761252864
578996463398572032
580723678968606720
578919397873565696
576243985770934273
580977184665247744
577512011073896448
579571883756138496
580296237649293313
580812630039756800
578669275591745536
577117756237197312
576999529884553216
580744900141973504
577879516594495488
579284688277147648
578532341498294272
576358878306140160
576120289425268736
577763754735104000
576156499799502849
577878960047984640
576730220025221120
576233546785779713
576168607702368256
576875479950626816
580352045250715649
577163559219638272
577103648473235456
577653377875582976
581771418817277952
580185738655956994
577891411615338496
578753435148775425
576562256726614017
579033987357786114
576830765087903744
577610715734908928
580649060736102401
576993795767545856
578654402367586306
577695817223442432
577635263154896896
577074440392998913
578921185439825920
577770868262076417
580021764459139072
576513272129568769
580175533687902208
576973534066413568
581968549117337600
577340795595927552
577218505243766784
578717432140804096
577236540591509504
577675038993702913
580026564080873472
577352151019728896
576550485118726144
577276057293705216
576592056979603456
577572072668295168
577549943239487488
577828386434904064
580025265759367169
577186872268595201
577568180920573952
576291408585175041
576114237862375424
575921831183532032
575982458459418624
578768992585691137
576854554999808001
578730019876315138
577084775447404544
577763911971172354
577351287500632065
576674901815209984
577015725887512576
580455577836457985
576781808035069952
576978453632696320
577224906527547392
577777009339793408
578878114492612608
577245775991705600
576646079652888576
576787413705461760
577667075897847809
577275826938490880
576846519493623808
576236968662683648
577216964348620800
576852720235241474
577544565034364928
577402211434569728
580381409027567616
577630816089477120
576537541844733952
577774648407937024
577184782968295424
580807210139312129
577402491953901568
576600294613630976
578536646703894528
580968698141278208
581958908106969089
578756694659969024
581961704155836416
577604998688698368
576692638125977600
578896289099833344
577077823690682368
579230300703617025
576953941298012162
577488458731618304
575992413157740545
576289607660249088
581260615035056128
577645090786660355
577188531598065664
577213077155794944
576445680937406465
581515098797293568
578901083050774528
579943577100398592
579175183157579776
577229817004756992
577884762800533504
581618211789021184
577787006958325760
576188695881060352
577836870349901825
575884115641298944
577139214170492928
576636054150643713
576852644003622913
577268934921052160
576466538267418624
577695612566511616
576750023297380353
577202445773709312
577436416520687616
577689395219668992
577844891444781058
577268395596496896
577573708908359680
581343373350572032
577258730049441793
578651143368232960
577794002684002304
577051325931847681
576807473819996160
577889317776977920
578958935593484288
577524011862609921
582125921366200321
576608972758630400
578622859183951872
577092532326170624
576853866148413440
576956206314496000
576867431429226496
577542898691932161
577704771785637888
578586906147086337
576534017044058112
581563175016931328
576840481826598912
579539425182404608
577883612139356161
577832457766072320
577010775836860416
576865606474944512
577204598278094848
580659536807272448
578992010511548416
577176551734816768
576865362836262912
576946688557887488
580548935229550592
576730950941351936
578816787585732608
580642812326105088
577644113270476800
577467396820070400
578909249650049024
576471667075072000
576854984853192704
580478840335663104
576985558779490304
577718785852989441
576732926781497344
576473001027366912
578998397744640001
577265812056096768
578594507924590592
578736503615942656
580229509238153216
577212870301102080
577007786074181632
577234091063390209
577384793559605248
580990318885007363
576811813360128000
577195151514152960
578836962955681792
580509918538690560
576603546625294336
576533040798810114
576527388999180288
576628319359275008
577865771126255616
577786929753784320
580362293730504704
576853606067892224
577890896324198400
577684301992448000
578829647682674688
579244517187985408
577589663642210305
579389142087311360
578942172914831361
582117947306430464
576868605632999424
576983121930784768
576899848844099584
577795224568664064
576341854205128704
577205157617901568
577116597632024576
577192677298434048
576264876898848768
576328636954865664
581573818365276160
576576220646637568
577477942189625344
577814513753313280
576892783891386368
577046214639775744
579064905577472000
580526903410483200
577762587737235456
577600393804324864
579189186437197824
580546304868220928
578628212315443200
576473249208360960
577814341162024960
577469911473242112
577872122405466112
581580114749620224
576715776385662976
577641819103608832
578568354912280576
577650752023228416
580995906188644352
579969342848167937
577759407347511296
580908474424512512
577764745358381056
577739906254049280
576875887259348992
576870316137299968
580037926207283200
581149991273676801
576848671041409024
577328623931133952
580708002090643456
577755942910963712
576804636830527488
576793656763514880
576652379011072000
576815325552910336
576652273054519296
576903577718927360
577833831232892928
577661066852765696
577818035735502848
577115500884279296
576869317834330112
576224580999757824
576725212642865154
576211254370549760
576876174678233088
578887306637094912
576789964974768129
580645886725918720
576873385050816512
577746119817498624
576630992288387072
577502656425533441
578465930327552000
579094499076472833
577220354352889856
576659718195707905
579155293365407745
576538039465410560
577844939125612544
576802596490461184
576422421928026112
577396551133188096
577280805661065216
576746479013871616
576870771055804416
576772390102777856
577789009436393472
580141459434790913
577179658657103872
577251807480528896
577502082292387840
581450262423818241
577598575158378496
577812653373952000
581618022873468928
580443130362757121
580507914475069440
577057987380015105
579119204541988864
579462640642191362
576966589494382593
576827570651561984
576842359876390912
577562803336130560
576843296632254464
582028368717152256
576526096188903424
577767580238249984
576909794063163392
577642459183841280
578953552007139330
577492161375031296
577266696228085760
580870358082957312
577599842945363968
578863561000284160
575849916867690496
576853419689832448
577722002871468032
578670475766833152
578876072931934208
577881487850270720
580993265006067712
578497126574997504
576897204390137856
577480349799710720
577168510528274432
577878615578161154
577390889443659776
576544865179148288
578463741857173504
579147952171540480
576671926006906880
577795441703542785
576827702927224833
577261370506371072
580822808508416001
578498003893358592
580145247956664320
577775709873045504
578631999868547072
577801164651159552
580227308591587328
576842747350417408
581271369570250752
577352122011799552
577777506666729472
577133434880987136
579207260800294913
577754996340576256
580914909636091904
576610602736451584
577171529298898944
577355957618888704
577656082891292673
576079192141361152
576873558619521024
576875004479983616
580150798258167809
576610221792989184
576860057171808256
577163221683052545
581875446540820480
580792811508764672
576743197386387456
576678235888484353
579279456679915520
576715367331942400
580302261458452480
576212217399525376
577735995111641089
576987021442490368
576350999842951168
576825404930945024
577604646610411520
576300747505213440
577700802451542017
580769290766430208
580991837722152960
576649963758727168
578497990689730560
577541996337737728
577537053782618112
577259643593846784
577355477182324736
577803183017234432
579493421376790528
576766614131105794
579546089889513472
576587715107520512
576441100778512384
576753705875337217
576566151733387264
576428344117342208
577354436571430912
577673056409141248
577826695572385792
576974513092448256
576873569268994048
576643194751885312
580969643373936641
576861711665221632
577873404524531712
581001285995917313
577102191460294657
579040863117950977
578933571965964288
576157178412679168
577888285462175745
580061729456984065
579460004194832385
577122277894057984
576538771912437760
577877516888727552
576503503859875840
576715920854253568
578633914723487745
577464760247148544
579492702770720768
580681251457224704
578586390654517248
578554452279357440
576450472183144448
578970082509873152
577205491266297856
577097611989110784
580795113145786368
577879720886423552
577572948455849984
579527514403393537
577024684950093824
580118940027863041
576640900090195968
577016091106357248
575983937517846528
579154815613214722
580345269285343232
577771487223902209
579219281650450432
580923843172257792
577738683069120512
577067725803110403
577008638557970432
576506550883332096
577806143629758464
579435627529129984
578651222799958016
577531242104512512
579908702184030208
580130805776809984
577886513121398785
577835281304457218
576626297432104960
579255601278111744
576872479714635776
579491656212226048
577024472705826816
576680469607002112
580414627747622913
577826797342978049
577079139410259968
576311769532141569
576632993269178368
577565511493361665
576854211054452736
581612349787758592
581267544222277632
576781617047306240
581225835442647040
579539020092293120
576944025476947968
577891172640751616
577774192034123776
577232400976982016
577617149197418496
580966011173662720
576588868650082304
580588537466232832
577303930763223040
576587187451342848
577083023549689856
577883873238999040
580572541024108544
577101481641406464
576761920834899968
576536723720548352
577579302641889282
577700702593527808
576319785870454784
577528927775768579
576729496960831488
576781349811396609
576597191831113728
576869779262304256
576845097246953472
576871760760582144
577170025242570752
577302020719132672
577805172329578496
577811344738619392
577048613370626048
577846312072249344
577881252289585153
576971244987367424
577756234012434432
576604441383567360
576991337481818112
580456115349155840
577098455971209216
578733769357684737
577582798644477952
580889312604004352
580528374109630466
576254199949893634
580071509361819648
577367085283573761
579472331749212162
577847317820149761
576240924608630784
581923757813571584
576674632092106752
577670399472844800
577870761639030784
577578008476790785
577644895948656641
577213637913239552
576743981041647616
577387109922697217
577714259741773824
577010369077592064
576855774606946304
577561280166248448
580296982650060800
578681496816500736
577477837990457345
577092260887678976
577838645429841921
580636943572213760
577565189807169536
577891412114608128
577272645659549696
579522114383802368
577662923390070784
577209817447702528
578874372351336449
577226012741652480
580073955022635008
576882017729642497
577111052636164097
577871823611637763
577489534482452481
576161426680643584
577021880487428096
580833452930383872
579444861742501889
576848053996511232
578763250986131456
576942066380369920
577050321551278080
580354044650213376
577825913083146240
577713912193290240
580221305510760448
577833797258969088
579571773487910912
576870160671211520
577523158883807234
576992126531031042
577183366077767680
577748516388360192
576747197259108352
576199647598792706
577256385467047936
577190146463834112
577408353103540224
576661348878323712
577275281481682944
576980268487086081
577488401659641856
577578533368827905
576553274066673664
579464615370711040
576717423241355264
576780226199449600
576658950185033728
580641880108601346
576696093578252288
577688427287592960
577867699092598784
576636275656028160
577868361612144640
579575232333275136
577891865137119232
576638743978835968
577667973269196801
577372456731676672
576871350981120000
581151901833687040
576572861680242688
577624249990410240
576835723740991488
577387816247697408
578993895096352768
576647682338377728
576865859903221761
581495693283631104
576684484667547648
579524319132315648
577888511317032960
579037130220924928
577870204174147584
579235217619054592
578754671390662656
578837814072123393
577274449587650560
576832913758633984
577176708396249088
575938636954345472
577583293689921536
577801120803770368
577105797282439168
579352613692395522
578768293797892099
577783737854853120
577294288146460672
577319728361914368
576864035267723265
577844871681060864
578870639471263745
576605477603274752
576332830755713024
577636225428910080
578946759054905344
577661992221188096
575971671347224577
577881614203518976
579374537218768897
576602534321614848
577066972828938240
578719522766585856
577346352939585536
580287907866480640
577074157009141760
581348398931951616
577788495160283136
577213441703878657
577888293901049856
576854342252273664
580227023429238784
576735554676588544
580110064205299713
576998881382117377
578940694653485056
576636518892060672
580765020037861376
577888301278830593
577495923036696576
576310870109618176
580964303685156864
576504104567988224
576873126434353152
580867343942815744
577602779155427328
580147481826193408
576812160564662272
576773031726424064
577825146498457600
576590965340659712
581473393662423042
578867958526554112
577625242501140480
576793535912902656
576794602054639616
580989402429591552
577888412931346432
577104091039465472
576816615691423744
577631068104187905
576865206892142592
576869539457024000
577741734077177856
577705121586372608
579087565283688448
577766425072267264
577266711470075904
581529368993902592
580502261530529792
577783368311390208
577463013407621120
577244265111162880