501304367342174208
501041681165459457
501328426356457473
501097224529788928
501111315608268801
501093622084042753
501164907002216448
501265514791198720
501374215506128896
501104242728239104
501091102385254400
501312335492161536
501378906923212800
501174092939001856
501276689788190721
501160185595822080
501349782095683586
501212052866613248
501121322047770624
501225438325530625
501162551195869184
501058011079933952
501187710657523712
501084361387958272
501144319500115969
501179394405044225
501127908984102913
501068400958132224
507073192498720768
501091360460386304
501101111647154176
501252114744479744
501164341505183744
501052703171411969
501179423765581824
501265025345277952
501114492244475904
501365339821989889
501135986978742272
501366645693374464
501128880884043777
501131421088370689
501248103379259393
501203294409457664
501055912870944769
501166284986257408
501324521417474048
501139208669761536
501256685235601408
501070426953760768
501223890644111361
501372513297788928
501071585340448770
501217232345505793
503826814473469952
501079545311952896
501224995972857856
501187048095481857
501097652759846912
501167131632078848
501262852381245440
501163512065163264
501312460910235649
501333807870779392
501380904640471042
501060007711223808
501141910241951744
501227471048429568
501343328437563392
501275036796583937
498999095206215681
501053393994268672
499058103577759745
501256327868739584
501170626208362500
501140539140345857
501274119317774336
501078967081000960
501303608223465472
501082507778211840
501240692971438080
501092919067934720
501060529021284352
503837475048263683
501095727943385088
501238134101655554
501231924762136576
501340832340119552
501337662834233344
501159514218196993
501105097443508226
501292719424028672
501312399614308352
501158100179505152
501121611890950144
501097790244937728
501164075813179395
501252524176076800
501358358415556608
501088471852003329
501142838311403521
501256871492063233
501305113940459521
501320850919161856
501240525941272578
501164264271667200
501358689110872065
501168375624916992
501062542026752000
501381715307540480
501260315254743044
501163929973059584
501112463572893696
501040193059979265
501061974114193409
501351850122424320
501047670950334466
501181943258415105
501316787796209665
501209068615127042
501079197297942529
501162488466259968
501145617708494849
501092601013870592
501265121273208833
501243162153586690
501070418531586048
501310471107248128
501046666078990338
501243904327315457
501351392175734785
501339994133630978
501160090033197056
503843625143635968
501139993193361408
501383807594160128
501364786928447488
501096736241483776
501198461036150784
501110882751901696
501065875165032449
501091723527725058
501229240050667520
501161222004539393
501314271939395584
501308538350624769
501096950830075905
501201686367854592
501164123292725248
501380326359564289
501162963844485120
501045396563836929
501140100970205184
501136704062128128
501137042324340736
501045828937842689
501194028507865091
501081968419667968
501256650796589056
501126183678140417
501170084443082752
499186814234947584
501169201541705728
501191637075521536
501162958248873984
501165315472883712
501257081249214465
501220602053931008
501188883619807232
501322868571906048
501229034886672385
501386381936312321
501132677328560130
501163640142438400
501094824976457729
501298795368304641
501063567677087744
501204958772228096
501336600581013505
501075951501864960
501244212801978368
501194120258256896
501161815645368320
501242241437155329
501184963023499265
507072771718139904
501077034622529537
501173332902166528
501181151864958976
501097809492201472
501225060741685248
501183234211057664
501114396861792257
501366012286369792
501368787946733568
501122095745888257
501214159712043008
501050841739329537
501051015039156225
501253585124855808
501287011660357632
501097185145262080
501201654021369856
501057276724387840
501256769222373376
501204063347036161
501044672673103873
501094649402908674
501063033238474752
501075323526467586
501377814562492417
501202241953730560
501128914769825792
501335760931274753
501324022060449793
501293047708393472
498567674080006144
501277896678584320
501175550334230528
501324206832091136
501335923150188544
501294079536533504
501325818958991361
501286091165421569
498824466940833792
501279030818381824
501119106486398976
501266705708896256
501289310989975552
501263917344387073
501267128737988608
501263719931084800
501179999420809219
501373921380544512
501261043004235776
501273021873545217
499163704559411200
501320511402414082
501315959827595264
501384722002771970
501316960416968704
501323810352545792
501322376580444160
498710734826512385
499114035829551105
501335209867239424
501052096628944896
501161820611444736
501350198547738626
501199321816379392
501048125671223296
501191788515049472
501362575372587008
501339023823360001
501245799175446528
501289343781068801
501351321195536385
501184598995660800
501216596560711680
499082993130938369
499126118759157760
501075949341798400
501162909137793024
501150208391012352
501089506724814848
501355548827480064
501312611049541632
501386122723729408
501201667430572032
501288421541679104
501355478199185408
501097480768192512
501285280540676096
501260889878577152
501284080437039105
501262557219266561
501282525939908610
501385617478275073
501360333882413056
501290523152240640
501288198601854978
501323443925553152
501043379853996032
501284918702653440
501358881813958656
501367563691892738
501362750589636609
501363017099927552
501111622627491840
501290542580236290
499008569409146881
501118497033031681
499093185721692160
501354405375918081
501297114417094658
501363355454427136
501303078176313344
499015573498388480
501262557865209857
501323445536182272
501049193801482241
498941293783830528
501347928871411712
501262673502154752
501386924318539776
498870256144633856
501285637723787265
498548044686950400
501109150412066816
498583789233508352
499037031767371776
501262664262508544
501290830754111489
501345342957158400
501040202626768897
501269783531520000
501310037651120128
501104256850472960
501335826748289024
498691602299101184
501323440704331776
501066698716626944
501296897663832064
498912270941175808
501316213096460290
501339440389033984
501309424728674304
501357176212832256
501288701247229953
501147324773851136
501345073041526785
498653796482813952
501307571332841472
501343370279530498
501351147001499650
501337627778646017
501303747000434688
501340476650160130
499135625857998848
501193198702583809
501320494608437250
501286054620454914
501354938929520640
498548104430616578
501082397065359360
501055810340810752
501220531908386817
498948607241113601
501229762392510464
501263568931520512
501312547140546561
501317781824876544
501289220791480320
501149403936485376
501041478399836162
501356487231287296
501241180021989376
501055841487691776
501119950069579777
498805133820846081
501356221329596416
499006182884139009
499178945741197312
501331778682892289
501354171350921216
501353413662097408
501258683355897857
501110784022573056
501044318770302977
501091125684211713
501341840994758657
501147598070484994
498846914377678848
501374995457519617
501312578853687297
501283982193876992
501220046614433793
501320959400214529
501287434546470913
501348080122204160
501351884322390018
501070202679734273
501351001819848704
501079140804857856
501267452651515907
499118077489860608
498941256727134208
501235390284431361
501384217381441537
498607127825756161
506739678620696576
501352727168172032
501364273546022912
501334011437137920
501384683960008704
501165385681752065
501386114918133762
498816080903962624
501351459079094272
501340613074096128
501350404668411906
501320499578671104
501349608979566592
501264372199460865
501160606901104642
499186578259193856
501356096918138880
501288918294077440
501264312178991104
499136289258864641
498570744855814145
499012120407592960
501264163088265218
501283965110468608
501080290257694720
501367148187369473
501092246926544896
501262508372410368
498698887545094144
501335260567568385
501112741109592065
501263852072603649
501263812432248833
501286264792829952
501315939489419265
501337144149819396
501308570713878528
501383525426556928
501350007841120257
498543353013620736
498857647714492417
501222333172826112
501286101470806016
499053478493163520
499103355411513344
499170891063111680
498545728877510657
501305942164930560
501335336212267009
501066117276643328
501263645997670401
501194322671190016
501103749738139648
501048915542560768
501059914240753664
498970089874788352
501340987709349891
501352272949829633
501278332387065856
498510258885505025
501260137495945216
501370162470064128
501190765112856578
501335528566820865
501343685930647552
501284516736954368
501354137452158976
501260616053452800
498905298719895552
498524428314365952
499014409931718658
501190336526311425
501324776334299136
501104734812401667
501194894145114112
498827662962339841
501204930154074112
498798557436985344
501338947923247104
501288468324958208
499121513908666368
501210403620524032
501325453269815297
501286155753488384
501296824099938304
501383885763383296
501275152102215680
501104848834535425
501350197138427904
501341213984051200
501337223862964224
501103514580701184
501325250018041859
501337080757489665
501357500751282177
501363214496440321
501334446662881283
501265006290567168
501070334162771970
501364648671604737
499102424598974464
498537113088823297
501341004151017473
501278268835000321
501288580249944065
501262707601854464
501311011681337344
498869280251715584
501262713536786432
501265011520450560
501335820230348800
501055869736321024
498986464563040257
501266725904474114
501263635532898305
501360371026763779
498509315318116352
501263608886882305
501357241082331138
501220762632466432
501293310712242178
501330158901809152
501281356584714241
501336654226153472
498808702602711040
501358532151611394
501355850892845056
501324359966154752
501380180213248000
501263705703579648
501106915678502912
501369085192863744
501185477366808576
498507367508889602
501215634630275073
501104808753762304
501359543092117505
501074120520781824
501312403867303936
499128517578092545
498720146605621248
501305137042706432
498911828357816321
498833372500611072
501379186456424448
501342365106204673
501324627956596737
498800079260487680
501172122371121152
498895037800128512
501117965245620224
501319407918788610
501383532317396995
501372262235127808
498946450680999936
501317745619644416
501077839718805506
501319544514699265
498834452139610112
501289143964815360
501379964671766529
501385778442674176
499182161111416834
501044070991405059
501231721870667777
501333521101623297
501386164293472256
499130578331901952
501259996026257411
501367094798073856
499028953214889984
501084397693435904
501340179152388096
501063735705100289
501311491883020289
501357118583484416
501040284528943104
501241856886583296
501326304092770304
501043434841321473
499110602196144128
501051041136115712
499053388038815744
499178995880304640
501375678861029379
501263652012314624
501340156746416128
501191688904527872
501284114717093888
501103496372817922
501113134686285824
501380704350244864
501329245809823744
501140619616473088
501286052628140033
501324141942018048
501252347020836866
501121533268357120
501386525548875778
501298046026936320
501340976820920320
501288517721288704
501313290556157952
501382771822972928
498894728939991040
501199143012814848
501286999630700544
501218916450832384
498657736498749440
501238855002230784
501219168721465344
501347989118791682
501350327942004737
501263712062173185
501285958093123585
501262526165049344
501265858275315712
501343631899254784
501269152976232448
498936958140174337
501231961630068736
501205741005729792
501373265592328193
501265830953226240
501364216402821121
499093186342432768
501265808656719872
501288790921445376
501074058747076609
501333930055049216
499008791577657344
501193914381271040
498801144731168770
501081215495987200
501375381702991873
501320686959198208
501296951657127936
501346169612926977
501386483480018944
501347911339229184
498601535224696832
501365932259028992
501384093217869825
501307274271281152
501358518465617920
501042616625274880
501288787373072386
499081870563618816
499177334419632128
501133132762865664
501213934360088576
498792101828915200
501288799272312832
501360417839792128
501263004454125568
501264976611663872
501221302783729666
501293325081931776
501348555790245890
501091317196148736
501282876936032257
501369606695825408
501336884870537217
501383229249953792
501290616173514753
501046453851021313
501286816025038848
501227043867353088
499152691197521920
501293310628343808
501347541615919104
501269780046049280
499015202722312192
498801912251043841
501231723338665985
501194228580376576
501098429087756288
501351145596391424
501263283664330753
498537161407598592
501349102207385600
501345057623244800
501260502933049344
501250929975656450
498963062234550272
501126793815130112
498662367895748608
501246235009744897
501268852932505600
498525219825664002
499178988234084352
501250466018119680
501274120487587840
501129149788876800
501352864292560897
501362582507102210
501110510146711553
498866183404130304
501183693541490688
499129550379294721
501335134100914176
501074328361111552
501361107185848322
498851681845534721
501284049047269376
501346381731094531
501350691102011392
501225745549500416
501340975566831617
501286548839866368
501289411279982592
498882837865431040
501194143956492288
501274437316911105
498865574114390016
501335551371268096
501335293841006594
501152581658243072
499004324786491393
498877346599149568
501271724231360512
501335274769481728
501288397441228801
501340852174610432
501256865347432448
501084345361514496
501324334204723200
499186413569458176
503823449224015872
501261056908328960
501283373785288704
499022369403715584
501324505403641856
501261084657868800
498771591501606915
501353424173010945
499201178974957568
501309288040513536
501273712277340161
501369915094212608
501057702492004352
501242494039126016
501333803265445888
501354979060248576
501362178692112384
501121471960195072
498903529873227777
501284055434788864
501251924297924608
501368061371617281
501246254190698496
498842867809255424
501356669587050496
498876130959831040
501262634620960768
498919020704591872
501164808972939264
501265385665335296
501347713951076353
501340846860402691
501307305837592576
501291706680360960
501214320043126784
501284191309266944
498753698219458560
501359205723680768
501335558795177985
499186587805040640
501121414942818306
499119660420571137
501263168903970817
501289405605101568
501386127316910081
501370183382867969
501093510812930048
498836176795860992
499094383115776000
501366648364748801
501340324531159042
501185551551037440
501303706579894272
501346693888352256
501366361621139457
501283980876853250
499088281330405376
501289776448675841
501341011985977344
501365905788375044
501286062837096448
501364261441257472
499001184372281345
501288867542999040
501376718402514944
501319149142814722
501335568064593920
501338848392007680
501357368215883776
499097322786013184
501263236528758784
501288519143145472
501308371044433921
501269097066557440
498826277315289088
498656339720404994
501251972767703041
501367650371383297
498876452155031552
501320506516054016
501382654692831233
501262458284417024
501369011998035968
501285556295585792
501331832231571457
501273325000081409
501341706780811267
501284037495750656
498610157467598849
501047693242662913
498938303178358784
501128265789362178
499055421588398080
501241320736694272
501354780821049344
501312865555324928
501340817147977731
498872597090545665
501335574947430401
501291080784953344
501257658796498945
501263931768578048
501265903078473729
501277738712702976
501321078149754880
501093047233695745
501295737452249088
501052496958066689
501338896785883136
501196479394877441
498710484682407937
501288660583460864
501239473045114881
498597449468878848
501261993181868032
501242288853352448
501269792045543424
501349072855240707
501263720983437314
501327858787053568
501261207006097408
501302680103309312
501377164982644737
501260501230178304
498637362763558913
499007186346205184
501251646135885825
501382857973960705
499088659795042305
501138464323035137
499036905267138560
501072034588160000
501335876601782274
501282123676803072
498866541895892992
501365432465756160
501068723810103297
501260235319685120
501361981384036352
501353786007642112
498855483747213312
501290755428593665
499001405336596480
499000498460958720
499022891573575681
501377947266072576
501288465179238401
501366188405194752
501334192152928257
501113071503683584
501353462517751808
501075038138023936
501189021478191104
501332835433603072
501333051503177728
499020611377586176
498657073484136448
501288681429147648
501323065733554176
498552365608222720
498698653096091648
501333701406752768
501173199674302464
501288914225614849
499090958760148994
501330802136088576
498701156512571393
501284072342446080
501351053846392832
501104883194277888
501121521369112576
501176022893490177
498836198945988608
501332982494273536
501239961740271616
499154837699690497
501191645698605056
501129109288677376
501104816517439488
501263632886272001
501308481253556224
501185634690551808
501253688455729152
501194901749379072
499087351079911424
499185753193070593
501194891049705473
501340863851540480
501363454427418624
501060976779612160
498886500025511936
501134991539986432
501044857888972800
501365632642732035
498786939927945217
501284029144903681
501290877357023234
498787621443608576
501372790247673858
501055172072570880
501370455581011968
498534457377566721
501336956161126400
501272189048340482
501368243508875264
501260712627277824
501074626181484544
501055944475045888
501263360998903808
501353147064123392
499131676639764481
498829164007268352
501297447877214208
501246086254575616
501108103581278208
501164587023360000
501298417595719680
498942278627770368
501353879246610433
501201303385554944
501230395070091264
499212892520976385
498902713938083840
498858217351307264
501337534572425216
501354812454486016
499013656219095040
501284926952865793
501270258544418816
501359736495689730
498802114236137473
501094170157543427
501332178882412545
501185914240917505
501153156173426690
501104893092847617
501056436814639105
501341222640705538
499140756024459264
501369620884750336
501340288002965504
501285199284408321
501368519108595712
501312691680841728
501160507777105921
501123436497080320
501210407538003968
501370332435861504
498729199641718784
501333529217613824
501227045951922176
501347764605698051
501356912693506048
503840742897233920
501121314879311873
501287848491118592
501293251945455616
501311863762587648
501235363730317312
501217781409280000
501219205174140928
501197025640058880
498737728507625472
501164889176801281
501045829822447617
501173955907289089
501211513009369088
501325679838126081
501245035577221120
501264067890118656
501201704574914560
501277910775652352
501357180243951616
501357368693628928
499210560991674368
498863467454283778
498721395279269889
501075739463393280
501348110073729031
501383589125033984
498662939134410753
501353854978768896
501290554106191872
498594552841003008
499124792415780864
501242254409748480
501289207457804290
499207207540772864
501357616304775168
501276203865501697
501331118327881729
501322075399675904
501215633090965505
501306691376672768
501039834396233728
501264883413815296
501353308528066560
498652095642603520
501359785661304834
501228247288270848
498913522580205568
501296405839745024
501076060495036416
501288915253227521
501321200136908800
501270350790144000
498978928955256833
501263132501618689
501288498897223681
501262696411844609
501282388589043712
501352221850615810
501290980448817152
501067776258097152
499048487434997761
498754239464607745
501348702187843585
501194876222840834
498827934111526912
499026044326658048
501312388843327488
501233874186539008
501362338193481728
501124409747578880
501220530758746113
501364597493100544
501334737089069057
498803588739903488
501363252056449027
501331722676363264
501337686498492416
501264026178183168
501312175684984832
501212519755558914
501367263770210304
501339149715009537
501359202775097344
501292967471362048
498682669186555904
501330261464735746
499182556399407104
501339851652755458
501295853898694659
498637559153451008
499058649893842944
501072249399836672
499110045351559168
501143993002893313
501377581459836931
501195642224386049
501358472969994240
501306318045466625
498961448089833476
498710889357275136
501203114217590784
501194202919612416
501259268457123840
498791714690453505
501337206016184321
501322051525689345
501079125675618306
501238856906465280
501341147864637440
501059685277913088
503826480473059328
498827499350917120
501351826059698177
501283739985383424
498611096845320192
501184255515312128
501195075448098816
501311117725933568
501088083693940737
501340888182710273
501097972227010561
501362754150625280
501265237719265280
501368657302532097
498556374335229952
498846000119685121
501384318019571714
498873568965296128
501071708652982273
501065767417167873
501312204390813696
501271137003638784
501365530000097280
501113065082216448
501386882656522240
501159102173548544
501190309863124992
498572368797650944
501356466708549632
501347918888984576
501288487958507521
501265404686110720
501202987478310912
501260513821478912
501241665999208448
501208738586296320
499111393753182208
501155260585369600
501385229266083840
501347235334868992
501255578476244992
501092417882185728
501305006063362048
501372852344721408
501320488728006657
501267991649345536
501047775509766144
501317991112269824
501228092182908928
501164267362459648
501328969250390016
503842219107704832
501289266308071425
501291787147681793
498554985504718848
501312248329953281
501357046038806528
503844940762599424
501348244064960515
501361489341456388
501313505610330112
501342385628917760
501305851219439617
501121405996371968
501325442263965697
501308108145045504
501271918687698944
501310827211681792
501074300116283392
501305257964474368
501340434904268800
501297097807654913
501365510492405761
501196985471213568
501309725527388160
498692377813336065
501304682065584128
501207800991604736
501360284393803776
499089368825352192
499178204406759424
501357590773657601
501366076337586177
501230288605687808
501304490981478400
501243694914498560
501110522423418880
501236503947640832
501097845898768386
501260900402089987
498786533088829441
501104767045992449
501323435062988802
501326807329554438
501347044632436736
498674780397383680
501198746420383746
501288459567239169
501290399999094784
501317494762504192
501311235426897920
501299024859643905
501264470711099392