541574216240209922
542162379803328513
541562943847272449
541506483750309888
541799684054872064
541219797929693184
541472668374286336
540709892894371840
541891268532400128
541363668789624833
543083316136935424
541784808225918977
540867432030543872
541749805739827201
541911446318112768
541980893834141696
541830845233786880
541697581865107456
542394280296214528
541976037903831040
541050355635982337
541256603459407872
541905260239781888
540122656280813568
540558654064570368
540487441182756864
542129339630768128
541943467044519937
540790921319571457
541299325549436929
541610392825634816
541482758829535232
540970527444041728
540511033375223808
542075521316966400
541068835390910464
541219958563160064
541451971446599680
541270121478512640
541122198384037890
541783265061777408
540662094681899008
542155209011507200
542094335219482625
540251654428585986
540586722266865664
541817303268999168
541357334178824192
542879227024908289
543227943892160514
541246399426625536
541919290132152321
541807808807964672
540694483868725249
541454069919784960
542159009977888768
540811352365727744
541249479324606466
541799659497193473
541995520533999616
541546358834855940
540936022721175552
541414562424045568
541126210386788352
541543573897117696
541500939451240448
541481050115805184
541564173545525248
542163008143642626
540545211714523138
541608310936731648
541508986730598400
541919820246044673
540855989734371328
541877265593024512
541411894897434624
541758212337176576
541868819312955392
542216867067092994
541527022091395072
541261103133896704
540654432770211840
541442451412508672
541381810937012224
540413913376907264
540186032465924096
541839938002489344
541191089818836992
540385662386458625
541961776158367744
542348118583287808
541548006667853824
541323031814356992
540741371213012993
541014106438791168
540563557100691456
541980067765551104
542275123022016513
540702904550559745
541542680170606592
541953913188937728
541938099849535488
541050143881969665
541905747014328320
540355010551640064
541235942301114368
542155289567305728
541889810168684544
541452914842009600
542589451445485568
540714147747336192
541511536322158593
540992952164569088
541482230262931456
541405756361162752
541832112366571520
541476755156918274
541521147901509632
541453463998451712
544616031138758656
540378970940645377
541834307052904448
541921479625953280
544801928530894849
540741054954094592
541888950852268033
542719753211498497
541633422406742018
540511471789432832
541563363986120704
541149398743281664
540724070703054848
541407264524218368
541968562806476800
541398396343300096
541411614411354113
541470618311340035
541042230165643264
541377300244496384
541477083508408320
541940055577612290
541255530623139841
541589443753562113
540822443590291456
541506850072440832
541596226550910976
541852719674560513
540664639806537728
541940402085847041
542161891494473731
542132604296634368
541167874560507904
540739880276353024
541414185671073792
541635475849895937
541655293026136064
541950087459794944
542370473275711488
541847439301292032
542023714267992064
541050348681453569
542123272268034049
541506669105389568
541868895087235072
541294868526415872
541937736475615233
542338436536205312
542094297525682177
542231315429720064
540740541462228992
541507126141534208
542112807659896832
541177527306182657
541578393586659328
541065221130182656
541499677154107392
541680029164666880
541280694756847619
543053398866530305
541107882490466304
544807681693724672
541717890504728576
541733982958669824
542161874897600513
541414022349066240
541762355672018945
541788923999969280
542095352300457984
541709424940056577
541599978309685248
541264599858044929
541436181641052160
543754310023413761
541463829767401474
541804167493189632
542129567519895552
542896510879694848
541978873014259712
540433235105161216
540513841138786305
542034601078968320
540370927213903872
541987971629477888
541283239659188226
541183114467241984
541137592453177344
541929291823726593
541798488984387584
541915078434365440
540918112485244928
542160024861437952
542136915831422977
541467980232552448
543641312784703488
541940112133603329
541492625304326144
541838776608120833
541539687429459968
541952297681448960
540359814237667328
540789468626558977
540705072959594496
541543825693347840
541904536034476032
540713135028453376
541393900486025216
541269793983447040
541389836335075329
540548941230526464
541517207880994818
541886569330667520
541587134348414977
542943151246544896
540068441244184577
542242212881260545
542152572778209280
541536779061321728
541531899714207744
543791240060608513
540952203876646912
540486436584050688
540625606493622272
541105615406239746
541713606312615936
540735591566934016
541985067019808768
541407211423936512
544326808809005056
541217107912818688
544755584663175168
543549574455914496
542442319257956353
542043500863176704
542462067563720704
541382772451835905
541669310675320832
540992596789583872
541532481178976258
540707320607416320
541381759598727168
541835614513934336
542148729369665536
541529910372610048
541650465927479297
541264327215677440
541522510945452032
540973568687742976
541121709080735744
541632453341765632
541835110803197953
541902351699685376
541460983177154561
542488224484966400
543014866559057920
541209147715252224
541815498480955392
541938211602169856
541633243184111617
541406601848950784
542023805393469440
541532558920802304
540163365965152256
543582560593276928
540640785557762048
541723887810387968
541879302111780864
541809227665530880
541557613687607297
541460846015041537
540827668975853568
540466700505071616
541855995522076672
541535210559791104
541884664655273986
541532413566783490
542394788683579392
540839599669796865
540883153573777408
540665743067455488
541696177155342336
541256793670696960
542413933294804992
541972035715747840
541496390623309824
541585232299040768
541995500522987520
542053917677596674
540648255722229760
540702652112175104
541785633338187776
541388391686737921
541885008567230464
541390942658256896
543029817520574464
541412548021460992
541892827144151040
541524323316826114
540176700655427586
541235263653965824
541828871528513536
540086660793237505
541135509800513536
541831212554547200
540334068391374848
542718788450271233
540534780110962688
541465106047983617
542014485515751424
541795269571260417
540657838750576640
542104167586615296
542126714898243584
542117942280740864
541304688378130432
541482447645716480
541977869732155392
542018561862930432
542656278216994816
542134965887328258
541609816431415299
541851367594131457
540440091387117568
540058403708485632
541996321545396226
542063576219787264
541531987098349568
540520519406477312
540807745906425857
541473435596365824
541157161888256000
540740068370313216
542077066800562177
542959150880522240
541910837112217602
541220946854830080
541216159513600001
540789121577283585
540547270328864768
542310096353898497
541967067532886016
540727633265180672
541737513652469760
540585999814778881
541803812068265984
542142518901493760
541950705477484545
541159177716895744
541786938621964289
540460784887664642
541485306457772032
541955607914233857
540091268651446272
540334592062808064
541067473596866560
541930708147916800
541547813465649152
541363974554386432
542792538323963904
541586990018207744
541940434189045760
541286466400157697
540665441442471936
542034761947291648
541581290818904064
541663116740661248
541857013253169153
541927468467101696
540741427504771072
540589350049038336
540730815248744448
541213247211200512
540509281963884544
541871061260705795
541951636227108865
541986591493742592
541437811941847040
540712032979271681
541561116568977408
541247109983268864
540647608297861120
541744067323764737
542157655192502272
540345897435922432
540400478584979456
541512239241785344
541513742823862272
542136395385434112
541505921457725441
541559629612732416
541361968054276098
540552881191936000
540689228397830144
541840547615211522
540992717145137152
541445788375605248
541443906051637248
541485442218995712
540092150122160129
542069446961934336
541914649059270656
543958572439445504
541666392471109632
541221110600433666
540451053024854016
541400957435654144
540767660183543808
540676321878089728
540544970482913281
541897877090357248
541534143109013504
542161535351529472
544807680036986880
540508398148530177
542060313152323585
540804828398493697
541916055967244288
541945066915233793
542673184114630656
541474645170348033
541827633596485633
540333684683853824
541414738177974272
541962245924605952
543386682817798144
542824171902754816
541928322632921088
541771020177121280
541386520758730752
541459542400176128
541390489472479233
541929318721396736
541246499263238144
541951502420430848
542070962632790016
541363710103924736
541304654613970944
541875391711817729
541253794261389314
542121815112310784
541574855330516992
541495563808964608
541912344536707072
542529162993754112
544333779578281984
541551653782949889
541853720103763968
540926371225411584
541878418988879872
541540378382704640
541197851045285888
541221666257248258
541397148890177538
540112895367868417
540331998985089024
542162527300620288
541132546986086401
541485233753710592
541460186846593024
542110896286605312
542075889820106753
541510686572957696
540174510407036930
541991495050330113
541764863131799552
541603622954348544
541179868176601088
541525843588038657
540755385825894400
541907073705865216
541671427611836417
541811292604878848
541482526565335040
540944783720448000
540497326268502016
541922922072244226
541159356499116032
541431844021886976
541673421579378688
541528773045141505
540823179204120577
541115700480577536
541596133542219777
541228934948343809
540816648043655168
542102708379844608
540823345894526976
540378698504241153
540647788095082497
540685135859834880
541253653093285888
541989233985323008
540320912806277120
540485210354098176
541387376652599296
541367118064001025
541538389615329281
541942779887095808
540785638606635009
541560245307195392
541506630870130688
540739042405412864
541438814967709696
541443074920964097
541962139947130880
541427648099266560
540529743276539904
541160452429213696
542031329614135297
542834325712932864
541954380895748098
543151758286258178
541944519285960704
543136650327367680
542076512074096640
541459702974935041
540521225978527745
542129837914091520
541635434518818816
541500441129807872
541166400396488704
541227293515853824
540780997852155904
541491693770801154
542129393120710656
542564929375436802
542155691960438785
541984029017272321
540305722626834433
543559923250909185
540407556347531264
541527347267379201
540782847800270849
541865819798392832
541894522419286016
542521559898812416
541588487430881280
540812846460715008
541642147967946752
542160000634724353
542162114429730818
542036338619330560
541355316945125376
541180698389139456
541553894925799425
542335312349786114
541145157375361024
542221118816276480
542905305810886656
542115755102175232
540889512080330752
541265849105907712
540735844839989248
541926569938128896
541388536369643520
540404126736064512
540716405138542592
541942245058805760
543702458015694848
541526392085565440
542321023735955457
541554903551078400
541839199280709633
541502936501997568
541100220960878592
542875564701261824
541116820204560385
541160278986354688
541533363488567297
540727402641772544
541436370988695552
541615381173903360
540087102038233088
540649262237749248
541539818979618817
541953184629915650
542625757239865344
541801223951634432
541892612127739904
541550226754912256
541730148001669122
541226279056326656
541940461808533504
541528599895883776
541457884542824449
542032930604732417
541236493004849153
541806240687734784
542004089710600193
541972548158648320
541967710804930560
542397231072964608
540422256212471809
540728071259561987
542157924043620353
540980467994865665
541984535160713216
540740345156231168
541953526453137410
541559054330392576
541442950341750784
541342239465549824
541536405885706240
540454497341165568
542075050954731520
540714954987286528
541873614815899649
541054602095775744
542157847551692800
540734219887316992
541797170395873282
542110403237793792
540712946771304448
541122968386949121
541917708200067073
541436535795494912
540198063948566529
540729555820900352
541605646815092737
540277694714224640
541325015778476032
540523256521166848
540740175358205952
541892498063654912
541382557838114817
544807857510555648
544807657287077888
541083264510095360
541455556423073792
541853800579874818
543015875620524032
542800400689016832
540637588273373184
541549215055609856
541498488635146240
540681252714450944
542019164282847232
541962834846810112
541351889787707392
541399733932011520
541206321807101953
542715815473082368
541548620554567682
540287275528384512
540884136332783617
541307771983896576
540536848188055554
541256013413089280
541712179758518273
541561251818512384
541425079414833152
541106718135312385
542008374842638336
541413778001108993
540512452920631296
541344262894657536
541722328980549632
541254183681134592
541543708315750401
541204508634673152
540161251209273344
541351837723418624
541917556198481920
541395976624164864
541027843619057667
541902320473079808
541140530764054529
542120086853939200
540733978769391616
541852396033298432
542125655626747904
541815558421749761
542087555261292545
541191773221961729
541079725146247168
541690646428254208
541988109215219712
541235523277164544
540784968553607168
542354697794097153
541522503722467329
541758907878629376
541575386178412544
541173624162373632
541850782178357248
542096329439059968
540734310371053568
541190744082378753
541149035017416704
541903432756379648
540719457992048640
542036330067132416
541410899559333889
541885225178243073
542162826144808961
542126441983258624
540713845850140673
540747724296318976
541186777315545089
541338113608781824
541837092200792066
541219341753413632
541250138434330624
541553297601990656
541460086548213761
542473780619403265
540739784511983616
541235668668522496
541424165366931456
542161899693940736
540741312509517824
542118974788354048
540757861664436226
541869955528916992
541380213993517056
540365354036654081
541183029155094529
540462678829846528
541174259377127424
541126954636701696
542139430652616705
541148729412026368
541293162602704897
541235383925620737
541524344820600833
541061415860060160
541902025512873984
542120074023165952
542514591498915841
541956968248659968
540347855924232192
541530980801347584
541456011245015040
542040462081527808
540498547213230081
540857028831219712
541256039849402368
541160834219532288
540724633633173505
540636683624927232
541925521433849856
541787484284129280
540741172814434304
540829882717327360
541903755802075136
541981075572944896
541419688018726914
543474318311952384
541467077618311169
541882196228055041
541260312859525121
541109949884268547
542029835456249857
541589582437810176
541553267235250179
540733708115116033
541493367838756864
541264084000587776
541995182313328640
542066165884133377
540727142393585664
542063655097880576
541949205821292544
541163760795131904
541195912169947137
542155505481682944
542161527777009664
541890768726528000
541377132614524928
541498006063685632
542718648461180929
540203946405416960
540167092767846400
541553240194547713
541359611584851968
541255375933018112
541328726185635840
540267445190029314
541865220776271872
541432563399544832
540557132681076736
540054641891749888
541410701961478145
540713151528853504
541218333358424065
541625291039199232
540740992911962112
541524204714082304
540733788649955329
542160178469036032
540504368147988480
541352305329975296
541226149037092867
541922497432543232
541163317251670016
541185369501216768
541544677191585793
540913896614133761
542029369699340288
541407497534599168
541895966119694336
541047293911134208
541826454393065472
542077232639139840
541777536405880832
542427251485057024
541658343904133120
541432427164352514
541964486236590080
541455392002154497
540459135158861824
541973904755941376
540263717355520000
541284490589401088
540249573252284418
542170569580376065
540122558054408192
542148475157110784
541507901680910336
541475408235855872
541303491616985088
541873691479375872
541073988722884608
541910570287378432
542036639040933888
541254994130108416
541258093938491392
542338417687031808
541922175305801729
541872284793724929
541879051703427072
541402265303543808
541806180473917440
541383016027676673
542223937908645888
541273669712871425
541813916112666625
541420562262671360
541461535537627137
541419219540516865
540520274437734400
542024950630985729
541907588095303680
540901394359025664
541548715970801665
541983972826152962
542061554623975424
540453268091314176
541932039512268801
542989607256588289
541601901809123328
541229416181800960
541273216787181568
540313384076705793
542137527885262849
540468418063761409
541991253919793153
541153788795437056
541135113585557505
542854459051614208
541563397306068993
541965630950223873
543963394580049920
541386086698606593
541958848886870016
541297418256412672
542135478758023168
541739868427407362
541986082376515585
542158167052795904
541818568086536192
542275233432883200
541975770990538752
542126801599094785
541818123834630146
541215752418627586
540567636774764544
540627191730434048
540722570002452480
541562316689387520
542070766750416896
541173959522541568
541974886759927809
541604133543768065
544791608047050752
540636221240639488
541983733922811904
542126552691912705
540331713583267840
541193311923363840
541496354573275136
542035598270156801
541430183123628033
542113962918432768
541550090200952833
540894917237936129
540085026369835008
540868448591437824
541695872221057024
542668411231145984
541561201415557120
541156059050557440
541259944561876992
541395365518643200
540722255081136128
541115064619503616
541272469512806400
541479767657050112
541310758983065600
542011461975805952
541526942705795072
541492620069838849
541253577692704768
541059115867729920
541268657850945536
542096336120975360
540606903491915776
540738829997445120
541335953210888195
541106127556317184
541737992532934656
542161392141221888
541875958676848640
541240375956893697
543466424719921152
542700550702518272
541846826513469440
541651548468568064
540648371674169344
541802842076352512
542083178232823808
541261286005149697
541093525249859584
541889535970267136
541856902573858817
541694652928122880
541301858510573569
542968392060112896
540731370340089856
540015303246508032
542286752589680640
541231600675987456
541551503899893761
541279667534446592
540714020232495104
544728360991989760
541944429271986176
542234816939188224
541258523837857792
540410558600597506
542867052478750720
540703556483829760
541288640622518272
540416906121867264
541856838229037056
541267854469763072
541375332872253440
541843054999531520
542031720934293504
541787581114241024
541142142161149953
542000672124993538
540063919767687168
542080052620689409
542143362548371456
541991136395423744
541920280562511872
542035294917111809
541815890266697728
540330832536145920
541412256798740480
540432393803296769
541754997524819968
541393785486209024
541837306533904384
540466919879348224
540335904439537664
541830394870775809
541636701697736704
540705255042711552
542138705306066945
540096566447460353
542127437098647552
541533161750941698
540762396319424512
541204191214333953
541561350720200704
541561650482905088
541911296522731520
541773875688648707
542567235978395648
540957388673519616
541406285745246209
542902925329051649
541524256681521153
542156810266742786
541983583187922944
541921299929387009
541375937011384320
541883667543375872
541110699012128768
541460336428462080
541840394686693376
541243851512745984
541191578027446272
541392742157676544
541595071296987136
540886161611169793
541844178993303553
541414933598990337
541558789900468224
541405844999397377
540499369515290624
541987171138162689
543540119001497600
540761593231847424
542156496536997888
541580070041972737
541968294073618434
542106847792988160
541463001186852866
541852705980178433
541473949586952192
541790530967846915
541509563753566208
541960089465143299
542042108107194368
540463065549258752
541750077388111872
542140318817067009
541654167727898624
540438325731942400
541954660408389632
541949634323554304
541571300649488386
540313295073185792
541799457814097920
541917537018318848
541382445963427840
541650545505611776
541264579863781376
541527833101598720
541857449183956992
541235420520906752
541244640674852865
541387135069061121
542135618042466304
542131857194622976
541935274834804736
542077171703881728
541759460558274562
541561536880193536
541950504159285248
541754394979491840
543963571978121216
541750839459602432
541747179233091584
541397199708381184
541421192335212544
541030338462748672
541501690935906304
541717578779856896
541420875438768128
542065985977847808
541087563377700867
542194315397591040
541413501764263936
541222946371416064
541549675908571136
541120943481835520
541155351253372928
541486118445654016
541402804984627200
540903564084645888
541053451871223808
541473694137065473
541733709943439360
542146300481765376
541542137897029632
541560061235970050
542162324225032192
541506930997346305
541544798621286400
540583721884459008
541998587077357568
541242139812700162
540731287430897664
540732216947392512
541781993659572224
541767557158408192
541982266625642496
541519139886469121
542162876056625152
540367031216771072
541534689274523648
541453004495278080
541558075883155456
541592600424087552
541517241981091840
543166343441182720
540443813324816384
541913056385585152
541080298159501312
540727523370213376
541202233795543040
541298777840427008
541556842883588096
541840886405943296
541248365250375680
541679676725673986
541879525681168384
541959874184101888
541232978639077376
541974662154960899
541248908031430657
541269679482761216
542031364082917376
541239581329215489
541763050114543616
541922652165001217
541063163156774912
541954542879776769
541547686634078209
541425855201681408
542118117652979714
541942281528287232
540733245596659712
541835292332683264
541343268143788032
544554857714450432
541240171593605120
541055524108644352
540634617682751488
541460738200453120
541380793369894912
541440967510073344
541552531701112832
541528450939764736
541586198687268864
541691173861986304
540734345271848960
540735052561129472
542161380699168768
541930728804474880
543537446617489409
541408133000617984
541252984353849344
542162640995250176
544735578907222016
541817037924753410
540547075922874368
541437824650575873
540719737454743552
540771823374172160
540881323401814016
540704121221689345
541843756052267008
541166745466437632
540886461986267136
540726546789453824
541660181390958592
541554779122860032
541470304149975040
540350671305064449
540458871819874307
541337413465804800
541491266471870466
540426503876403200
540644909796315136
541722353734938624
542667630847737856
541429483643736064
541002540838846466
541380170364366848
540740834522451968
541628245322383360
542200051079319552
541553830710632449
541656752539054081
542110456073039872
541556336354283520
540017614689284096
541376847280615425
540586694479597569
541736116043280384
540698231248674816
540896328033640448
540623701058674688
540734613212000256
540807404728766465
541598461229953024
542011669912645632
541525475277803520
541505492732751873
540721172166373376
540466927693758464
542094188490522624
541148415334170624
541348170735693824
542103981313753088
541936897929392129
542156911068872705
541899455121747968
542185769100525568
541562666481758210
541140586322210816
541490332894892032
542115038216339459
541544295681884163
542055049514323968
541554559903346688
541015669484314624
541550924607807488
542160066892152832
541560799282487297
541263009524748288
540486453419995137
543436479633317889
541239458247737344
541913082834870272
541936378137690113
540634120330567680
541199590309912576
542100112537702400
541889318055596032
540661176045432834
541653218468831232
541399725929689088
543449391936192513
542125326596186114
540529894828937217
541933675454025728
541888075685560320
542104813513617409
542198886018715648
541561517649313792
540823487863341057
541561549102776320
541563120188010497
541543894299578368
540739559365951488
541242912512933888
540503096053346305
541421366507868160
542053263076777985
541209468243963904
540648874059132928
542012835526868994
541972373956612097
541936249322217472
541540690010718209
543901781525143552