452348504342818817
451225340451770368
451242251490836481
451383695266426880
451236289690361857
451353244653330432
452287860599951360
451871473314308097
451201558601293825
451669124742406144
452448960691462145
452029395386236929
451481674669625344
451195085661954048
452232007532425216
451732098408529920
451502061105217536
451420849544114177
451569389200875521
451251794937933824
451712934381490176
451574040323297280
451215604708413440
452462298393632769
451587866888384512
451265830630981632
451833189439246336
451262908320993280
451320835480227840
451828602930073600
451247582187372544
451253361501675520
451214914426650625
451841143987515392
451247678840909824
451236703290683393
451489071404040192
452315367940313088
451554289719451648
451585812862230528
451425363005284352
451269630560976896
451190330079969281
451364003898744832
451447988897193984
451941664559734784
451585608612208640
452183730866487296
451500842395250688
456794233655922688
451263542503559168
451216568655949825
451810815092342784
452137957169053696
451330668539031552
451297413593325568
451328078677938176
451712913733341184
451245660273393664
451796465623764992
451382316762284032
451484347548577792
451706223063490560
451602315372273664
451612492964573184
451424843850723328
452269096873107456
451251973954994176
451449213847474177
451215220829327360
451657069910044672
451314002917068801
451526838540845056
451213309199396864
452277821574889473
452137250344931328
451214457361149952
451222338051129344
451563665703960577
451380762496225280
451197951889924097
451588541483479040
451582685735952386
452178416679542784
452118241079357440
451384848049909760
451322047138787329
451856142202073088
455763642244276224
451384012666601472
451347704397172738
451698695697104896
451248475876114432
452359020331163649
456402200692932608
451369283038097409
451569769506824192
452339576309170176
451472559087710208
451315456142761984
451276267149856768
451538240323862529
452430091092389888
451216838009950208
451474309186617344
451480917966475265
451223867994816512
452261327054970880
451707291213910016
451204251302498304
451527636612042753
451339215653982208
451582661136371712
451381021351886848
451344704626757632
451379303788199936
451212374960128000
451272341922664448
451267961312256000
451220737635135488
451539502881062912
451344130145140736
452525142762340352
451408012800823296
451368688571006977
451197748461572097
451345802682990592
451236046840532992
452150722893602816
451336613843333120
452101345063862272
451559059821690880
451216528613322752
451554382966845440
451328864086523904
451360740465983489
451304479615229952
451201217415217152
451340320887025664
451373307342766081
451198300382068736
452538296648732672
451292131748249600
457122567065587713
451449408266072064
451454047254347776
451548224545755138
451226607898742785
451317925023322112
451189604339548161
451379870808154112
451557245755486208
451357224116293633
451222949102907392
451364001675370496
451555348076195842
451419166897999874
451411182969425920
451282611575738368
451494344076582912
451330364934336514
451360303868293120
451592920592703489
451199313193213952
451384913170665472
452569998381547520
452527581691404288
451286869993472000
451399733022826496
451560484731252736
451618742280019969
451353132506054656
452165698065010688
451559404635439104
451415379420917760
451269296379797504
451274757669806082
452340531860099072
451225637563695105
451592086114926592
451485798861668354
452635140858974208
451442057551577088
451201179364913152
451323370210983936
451517931206488064
453465119020683264
451202398254428162
452629775358910464
451228040660410368
451253250147110914
451754167460438017
451260375510417408
452112026996060160
451596240195551232
454737205668229120
451393064276615170
451348359606177792
451192216916987904
451293931347927040
451497351773843456
451535598541889536
451272980425752576
451405098845868032
451409667982655488
451277067242336257
451272696949506048
451496902706470912
451481346095849472
451349570782392320
451368960878202880
451359905132589056
451598043750481921
451356940296142848
451383133074886656
451372460160466944
451907897098645504
451218120892354560
452122273471033345
454686435224735744
451713290209480705
451314295154802688
451395185948102656
451395199831666688
451569568125689856
451467846603001856
451383496058351616
451383624869220352
451408010972102656
452650929414615040
451554897490870272
451332541757526016
451378722978156544
451322172913770496
451452773783990273
451532919513694209
451800235656757248
451588507308285952
452610447163011072
451395510340161537
452575412603060225
451653650025553920
451265384432545792
451308865275961345
451370860440743936
451346629375705089
451258943982301184
451851335105654784
451457467600629763
451568489996623874
452688280342237185
451214245233827840
451560883152384002
451359075268165632
451238492480086016
451447048257032193
451430685555716097
452163695943364608
451601682204745728
451573457143091202
451228726399746048
451830746127560704
452682898571681792
451449770372911104
451335629276987392
451574138142879744
451427919165149184
451704098681675776
451392427270479876
451609741882449921
451896209180213248
451251843985719296
451415014357082112
451343012082515968
451250047439867904
452264211176230912
451360080613474304
452457897494986754
451245679885955072
451578744944070656
451303303553777664
451215814386286593
451474670416457730
452264455599321088
451334221077172224
451599559496458240
451272122854547456
451350336477741056
451587194172346368
451477274089385984
451395568875470848
451223937650003968
451375372076982272
453508633767473152
451877067538178048
451908154767712256
451354398522748928
451291349904809984
451408687236919296
451557678775803904
452459533097787392
451444890518695937
451434538326306816
451226466177785856
451568457222344705
452276616795021312
452531751433547776
451222434620792832
451297406064148481
451380197107830784
451432947812274176
451250777638838272
451255145662136320
457213704644218881
451559710660239360
451455803875012608
454190660703494144
451313829503197184
451342399282106368
451687735901052928
451979100035772416
451497568598376449
451466495831199744
451577990619873280
452351131617091584
451370764558532610
451879846457507840
451222298683375616
452670907304390657
451325367853547520
451411302003793920
451436009537146881
451445303455932417
451501972966084608
452087024506245121
451436651429253120
451226405552934912
451575936358428672
451342137796591618
451306847400501249
453988501621469184
451429009453101057
455016780327424001
453891706098683904
451370032698621953
451835744991342592
452563623874162688
451568472942575618
452317439523840001
451484246629023744
457131757213458432
457028499346178048
451455513239105537
451307328344956928
451326004724637696
451952256087523329
452610321262575616
451460533682585600
452499831542390784
451214252011839489
451228049330405376
451226443465654272
451215421706760192
451380228611256321
451278581906169856
452168313800765440
453989755844186112
451304812844699648
451268659986440192
451948810390872064
451706745929613312
451343094957355008
452107395641401344
452562965992968192
451279184740876288
452545583937355776
451490772534038528
451227293285769216
451240791235915776
454046114346319872
451568112110796801
451222962688249856
451481288420376576
452039402962026496
451191800212893696
451213942648340481
451408425881059328
451357144013885441
452089609980477440
454933454900428800
451253410038558720
451211426737438721
451326442920345600
451413124349181952
451189713416617984
451560036813524992
452499667553910784
452055040673341440
451562850356436992
451219307184541696
454958988195811328
451721336231309312
452821262973538304
452157022369492992
451410932414316544
451365408323686401
451276476059377664
451566071149916161
451237040902795265
452320957311774720
451722662575095808
452579575412051968
454538685145313281
451261182289387520
451570445033025536
451485063692423170
451754402613706753
451416073884033024
451398189497593856
452566489963696129
451563300338548736
451373500599898112
451724519171194880
451345104561659904
451455799978897413
454644217642377217
452448951690866688
451215273001881600
451574946649894912
452304047081795584
451659308418101248
451295177106128896
451354833283325953
451714452312711168
452536555744550912
451597787876974594
451228032556990464
452583921260437505
451219600131112960
451549408014766080
451556680585981953
451324850011787264
451600037957476353
455077125159395328
451308075178536960
451220059000954880
451492757589090305
451220038146469888
451351668165451776
451215500689670145
451575183912878080
451227264726753280
451874785786466304
451558689477263360
452126911712739328
454519260837343232
451458441346023428
451224816041725953
451271825054380032
451462118764576768
451547448792870912
451317173479170048
452278103969378304
452499924077527040
451289076692692992
451207710952800256
451488502304088066
451780778830331905
451609680142274560
451668602786033664
451417582852395009
451304969790955521
451359887331983360
451304895329488896
451307022760173569
454342957802332160
451344116379836416
451593831973007360
451452246187065345
451501894339268608
451363114173612032
451222105590226944
451428149939949569
451311045693702144
451226940003741696
451215507446697984
451704236943101952
452624105427468288
451505998092861440
451370422186278912
451256254187732992
452646613161611264
451565067897536512
451424433430097920
451756290289573888
451294333921021952
451491168933519360
451575354084577280
451489086050959360
451329180131532800
451822449680986113
451240170633711616
451472991843799041
451578878012968960
452144854999785472
451262357466263552
451523622008414208
451509905254391809
451499343346798593
451219482657042432
451205796932907008
456845687762587648
451267938151305217
451312858676994048
451979959163441152
451382912613482496
452123262542434304
451435265333395456
451872289437798400
452347659789942784
451588712502009859
451405748921454592
451385877147557888
452705591048556544
451225544302936064
451440648277594114
451315979537358848
451272260306108416
451412016016547841
451666642179997696
451336430107623425
452021218666119168
451445543102083072
451582853265231872
451227967981510656
451452588924227584
451225227209347072
456279515593842688
451925759226298368
451257771053563904
452595067174526976
451278388498411520
452423425374433281
451206445883998209
453590458170871809
451290460212834304
451504670515556352
451421210019393536
453795497002561536
451315089564385281
451426140784037889
451576845423489024
452594613602103296
451303079607287808
453179342743293953
451654123549908992
451720857636061185
451517903167553536
451855374472474624
451474048518995968
457209442791350272
451562967809916928
451496005687463936
451577352477093888
451441698137075718
451465582727004160
451422464195977216
451356585814552576
451562736506245120
451603278363512832
451495990781284352
451273207694106624
451405051664560128
451361391937851393
452105073582440448
451578377627906051
451226612629917697
451590891480690689
452070221684441089
451402111536730112
451240223821672448
451410486324903936
451498992170332160
451510914186244097
451371772634750976
451242813187842048
451245219753648128
451236180714323968
452658763695017984
451379537927225344
451573036009799683
451364821381185536
451490540593631232
451684820092203008
451693121999368192
452341549947310080
451502559140671488
451393981252116480
451362251333971968
451211280372609024
451358487914631168
452109308302729216
454571106486456320
451198311513747456
451570872453582849
452492298949894144
451484359225532416
451424622831890432
451414680251011072
451686721717948416
451584893592412160
451303436211200000
451377551500263424
451291388328411136
451428233737953280
452057810826956800
451298052951650305
451357556766957568
451469946003140609
451745061806833664
451238335408001024
451566450524708864
451917619122429952
451591275066568705
451239625257123840
453107400111706112
452410764133814272
452537778195431424
455010600427732992
451213012548861953
451260315561246720
451589073677717504
452418937100066816
451438654976557056
451331920044244992
451345883020664832
451572595578511360
451430219874725889
451481782635220992
452349030597939200
451273480583929856
452566902770921472
451311631277256704
451352756830236672
451893717860110336
451346384944254976
454290135241084929
451882398431850496
451573281854746624
452571443625484288
451500968698331136
451578272250609664
451369949454680064
451298841539514368
451197250136715265
451423450066714624
451249571021086720
451737795233452032
451611530107183105
451601130921795584
451449864908722176
452338166272655360
451440927731494914
451622482391207936
451499051830104064
451299776425123840
451332280292630528
451302552236466176
451294013287436288
451392297058328578
452449765645488131
451577129566605313
451442274522906624
451220323933753344
453184315489132544
451420944725471232
451603501375053824
451382050852192256
451545022127939584
451896633127895040
451198758748180480
451217682000400384
451197926925418497
451221371360534528
452353463645511680
452816349811593216
451285992238886913
452569944807702529
452202788718931968
451426260661829632
451305447728115712
451359066468941824
452590746903003136
452657777614127105
451348397648134145
452611500755017728
451885524320391168
452198891992408065
451222505944932352
451240200514338816
451306866166214656
451908539506642944
451270479513653249
451574083365257217
451270597432336384
451333041353289728
451495460113375233
451188848241164288
454571357167431681
451236915765714944
451569340911853569
451333341883547648
451449880142020608
451191087948759040
451572128047853570
455838854314881024
451404947251527680
451832636076339200
454260318449844224
452487178455506944
451505944116359168
451606613569200128
452169472988942337
451190035673808896
451556198492286976
451896679277789185
451281391716937728
451432882566098946
452172741999751168
452079674332426240
451563765008699392
452310302604787712
451657731238133760
451554308002025472
451448804147859456
451317897332539393
451303065564372992
451377709349105664
451346609847025664
451748818141192192
451440749154811909
451843087073955841
451336999908438016
451765113926590464
451610515861536768
451562047894200320
453416875947339776
451533104801280000
451564136426532864
451387993094254592
451318302145404928
451601036277321729
451903445126365184
451300958132113408
451435150694690816
451342810357452800
451907327453450240
451572867964993537
451410825392451585
451302437983625216
451197152711045120
451259071224897536
452742605046960128
452300449408770048
455761900278923265
451837054247526400
457167393416966144
451955067017375744
451323972332695552
452281722068279296
451462030738735104
452380323997704192
451491370059177984
451597840595173376
451447618980179969
452189522759913472
451382973997125632
452078951687798784
451904553118466048
451198863345324032
451322865250357248
451646006711832576
451317048887771136
451569897244356608
451349186877739008
451223986031316992
451827003222523904
451241052590989312
451305959084679168
452120871147032576
453473711698362370
451729481750020096
451488135541977088
452223528159674368
451253550983946240
451495559434477568
454996031642808321
451746165080354817
451198913002078208
451238604334202880
457209024614633473
451282740227620865
451555202731376641
451326417356476416
451572568776904705
451405023130292224
451757484533768193
451757203251159040
451472896083623936
451559389606842369
451255988385878016
451912825301389312
451277979155320833
451459804704567297
451620829361897472
451559610936483840
451350411010535424
452765226115825664
451560384332582913
451384581329940481
456934969911574529
451560289683513345
451226072235782145
451736933275009024
451298392430620672
451512953561313280
451238350809088000
451560505551749121
451210333722390528
451714416178774017
451397702119473153
451307665268813824
451308154333065216
451402357461364738
451566822689501185
451565128719163393
451910377186394112
454522588287356929
451816823386677248
451282587617480704
451505243772055552
451190193488683009
451286098107301890
452003993669992449
451334838956478465
451241449003040768
451255363334332417
451224632989736960
451434276311924736
451391094006108160
451427508265955328
452285306428215296
451223664919609344
451228599119785984
451560106023325696
451489768015011840
451581754944397312
452236790775422979
451649803693223936
451979357230096384
451558967106207744
451363466285043712
452171761082445824
451590931855069185
451823405340585985
451328567066906625
455052038972260352
451373483227115520
451402471131201537
451867982441246720
451489903059009536
451392388875837440
451355348171890689
451497684507975680
451475489106829312
451357054330892288
451242500758724608
451295195535904768
451430039230623744
451374588761346048
454560290055942144
452291371010129920
452122443679674368
451648701778251776
452303575063212032
451480396685795329
452278671462907904
451255766104539136
451369078784274432
451603702105645056
451480228863684608
452603534916456450
451377485603934208
451334962310950913
451802555291799552
451344714491777024
451237918825127936
451572415525433345
451602271969628160
451453044757397504
452647504165613568
451219741529477120
451360917612400640
451670931635990528
451188925642457088
451432680815874048
451205995654840320
451297742304731136
451628636769357824
451474244502048769
451371082776576002
451292142409768960
451559941405294592
452201882920820736
451468625363222528
451327826612854784
451495048405069824
451494747262042113
451505352878866432
451556863817953280
451432198957051904
452308145541754880
451285080640847872
451533839043555328
451349916086837248
451216846125953024
451703257430118400
452273433301508096
452547709145468928
451755888064221184
452112885775597570
452332473846747137
451417152273149952
451261857114750977
451755827074846721
456942236366696448
451486943662981120
451471875152289792
451204642563579904
451419098191101952
451482305408671745
451392583479349248
452819899426308096
451398158019751936
451581127090663424
451559462147751937
456273504091242496
451696090774253568
454037827635134464
457210093923078144
451213771852492801
451277385175142400
451657077812121600
451488161634725888
451240931048439808
451429457593901056
451603060247121921
451477345837543424
451490868823076864
451479507510099970
454421602013552640
451432955693764608
451593335862337537
451492205887123456
451553370134675456
453413415373901824
454997095892926464
451513390737797120
451458991747772416
451512752063152128
451469454044839936
452635070608977920
451918836569501698
451445108542423041
452152091058774017
451210553428832256
451565351688744960
451355974268248064
451563729977483264
451712407342039040
451658346941403136
451757680516796416
451629157575692288
451385883439017985
451509282169573376
456256156252389377
451712777879846912
451357360469340160
451748638612418563
451451525777620994
451571640090886144
451213968678596609
452615485620645888
451251198478135296
451339980972257280
451344269639294977
451896367854940160
451363793163923456
451561248639823872
451262526680875009
456789812087767040
451260696743788544
451228234416660480
454561707722305536
454257756191469568
451365732513636352
451385460900646912
451217921898192897
451500214013001728
452597996174446592
451270653459828737
451978476405288960
451500005690335233
451498789698682880
452078011668389888
451475403840827392
451274279061975040
452020754935459840
451809567689539584
451189322188742656
451568408278994944
452649681630543872
453136939432955905
451197228359901184
451679570094063616
451901143372017664
451771861857099776
451432342423625728
451501755210403840
451601343715627009
452657229263818752
451291721255501824
451241988210556928
451815810936238080
453291973898956800
451718627100987392
451503614456889344
451690195583119360
451226084802314240
451635151131250688
451604189274439680
451396789665406976
451494239772635136
451559737835159553
451366813662990336
451259541628657664
452183542307377152
452370644789776385
451742563830341632
451498952022454272
452610416053850112
451419544612270080
451195014711103489
451775582997864448
451361642719100928
457134310017884160
451884853387333632
451762573025632256
452200450998009856
451928356301197312
451380442110107648
451408730614026242
451350874951286785
451281011478134784
451350266575855616
452551382919548928
451501405703270400
451570895882948608
451242422589071360
451258521191866368
451577856443678720
451504709556514816
451210576018948096
451213953394544641
451411161510989825
451547095111958528
451417114537390080
451288430463307777
451334351599329282
451251075752804353
451316418311487489
452364846248763392
451461266843119616
454723005868830720
451370597151305728
451496204623683584
451721155074732032
451407281880440832
451917428994215937
452093997847019520
451945339285544961
451460867217821696
451362895729664000
451867713779277824
451566955883819008
451572331039584256
451243598919761920
451467022376112129
451413526930669568
451223245769809920
451485890159071233
451985257290817536
451499685182582785
452528363413176322
451319675641950208
456209766575267840
451195242164011008
451566588911554561
451300003500531712
451481921055236096
451576895864180737
451502064078553088
451290235331026945
451407769258561536
451221681995264000
451339937477304320
451325498035957761
451207846617559041
451228354998325248
451504132013047808
457147129870708736
451566291254378496
451694009686458368
451215969679994880
451423502675877888
451194677916487680
451333130902073344
451401350237003776
452112484187373570
451781530549878784
451336321378709504
451277322256404480
457212651928436737
451815259825655808
451626910628315136
451558574880460800
451204631276695552
451359136404361217
451226566828122112
451272693044625408
454311751723810816
451333657199132672
454949866255286272
451431161546301440
451371424360325120
451215263430475776
451947043586449408
455055905806352385
451407341788090368
451713906432815104
451922283956023296
451548274559029248
452127992655790080
451223383326224385
451502467629338624
452164495163416576
451219721602342912
452339970137542657
452217978067902467
452236916193509376
451467009793200128
451257835003727872
451505681963950080
451240968260714496
451539877042327552
451285517510782976
451505030139768833
452238537656893441
454673959569858560
451589198932242433
451723073591341056
451347404869365760
451754963341819904
452505606180843521
451327469484658689
452046641923497984
451846065822527488
457214632877244416
452539955995103232
451559351724302336
451431202365267969
451460129683030016
451574839430504448
451288060802519040
453410178558214145
453192253549600768
451616592686620673
451484558332919808
455046628635058176
451595490044309504
451299285125304320
451505904651759616
451851839055462400
454452233447305216
454432457589555200
451328354097319936
451501436103565312
452453541135659008
451241705808080896
451490782894379008
452118559641333760
451490077005594624
451420890694422528
451505957068357632
451505015157698560
451500051936722945
451490441800978432
451471761947635712
451263211288145920
453481344882860032
451585881132908544
451327456264208384
451501941580132352
451616850921934848
451330148466298880
451556311348420608
451334778873458688
451491668559003649
451756441125519360
452307952834469888
451466947561914368
451467065803960320
451443552191393796
453170267229917184
454807235109998592
451560970813321216
451236292756774912
451503025748992001
451421609710977024
451570179063836672
451228089188483074
451503502091493378
454990140965146624
452079438398619649
452183286815547392
451495583824367616
452248817446821888
455021819456933888
451421800896167936
451615317253320704
452613086289989632
451278786491715584
451886542131568640
455063017361666048
451500379608334336
454889138324393984
451859551378477056
451349653934858240
451561397915119616
452562549939380224
452282104806932480