509754219012710400
514661836981952512
509839941262536704
514053192959541248
509793129726504960
510348647813230592
509374041312866307
512311749086040064
509277332428050432
509267666020749313
511162501698826240
509003300193067008
511156144157786112
509871434408402944
512142835089305600
512279692833873920
511749387744063488
508846974020222976
510889710882144256
510963476437536770
510505706680619008
509390880315166720
509214035196522497
508575792813465600
509380313433137152
508908052485922816
510410192320614402
512157451768967168
511643810674515968
509304838090272769
510010232475377664
508909961410117632
509766254056726528
509291368796409856
509392343129022464
508963049173032960
508790236726296576
510365408440762368
510888406592020480
514391656087318530
508852830229508096
514251667294801920
509697706210504704
509677723417993216
509411069161259008
508953299681173504
511147561751547904
508994013534240768
511074182914785280
508935250353721344
508836905710931969
508562702974058496
508572220730671104
512199741627973632
511842318148567042
508370208004661250
508980539643031552
511438324167241729
509331139719221248
511600302856749056
514056810655801345
514698825336774656
512251675399053312
509296947115474944
510529379026616320
509965826229673984
511786745932029952
508524834515849216
510502956308119552
509010794655150081
509263732602462208
510529134426980352
510111393463283712
509412226210336769
509042952358727680
509156439323983873
509278556799504384
509272569984598016
510158651215331330
511415438279180288
510094260310265858
509974663447838721
509769731167891457
511033609575092224
510087702251728896
510160803211649024
512097723277791233
512222597761609728
511497190288535552
510387519163080705
508612509217988608
509278236644081664
510497449064951808
508906604700237826
508906045562191873
509080585008975872
509168792392310785
511421065776476160
511534132313088000
511454996013912064
511074871431163904
509381556784222208
508601649540001792
509855137955737601
508500162356854785
510406557331652608
511742068079591425
508579761677824003
508855943397130240
508398669196849152
514741560223600640
511092410651115522
512199004667383809
511106910989205504
514056981347577856
510110817623109632
514317409377738753
509924997729509376
509748639464292352
510421577205166080
514055382730555394
508984010065055744
510426709070340096
509280932419747841
511979150198861824
508565914757787648
510084338046992384
512234939169787905
509386904089788416
508620696239747072
511797551029170176
508455660271697920
509047115306115072
509923029430722560
511427533007384576
509401244113600512
509404892981506048
510438153447280640
509376219817582592
511130058749399040
509378259843153920
511129965262143488
510316698650435584
508573743388823552
510505721427795968
511407592539578368
509310264211034113
510600482226597888
510710168699424768
509298812347617281
509401400569106433
514366053871153152
512158074673451008
510443145033568256
508554158383706112
511648283324710912
514452098524536832
508563480241119232
512299926848819200
508856902802210816
509338794185617410
510196682303098881
508958599167496193
512128073383575553
513939582199398400
511278600557821952
512132445869969408
511090596505604096
510517326349754368
510101534693392385
509038298753294336
508874288653283328
508974338502971393
511146441465528321
510941701696155648
509385748362317826
509697931285262339
509988612109115392
508430343150399488
508477140958846976
509311126996144128
511592473932468224
509285722478903298
510050406660313088
511649815357161472
510517931982462976
511811325165445122
510989262024880128
511052077905088513
509031406442250240
512282972150439936
509754298117283841
513902831888117761
508830838927015936
509691196873396224
509946694138486784
514249869871955969
510365465722359808
508732511900676097
509364620230811648
509166160999612416
511477820900388865
514044001931255809
508502356984487937
511130364870672384
510999935286661121
509282208192806912
509374665643819009
508932523309531136
511146281993916416
511087211144441856
508887923723235328
511644244801376256
508552360612732928
514395814828183553
510400554976432130
511132667832963073
509028728718913536
510501604760375297
511048534561660929
514329028547731456
510990626288988161
511858730737336320
509075705368293377
511217627876704256
510447023087026176
511421291547471872
510372420851867648
508827446099992576
512323829839175681
508596545298526208
511542530945449984
510338897898127360
510489622762094592
510477127565578240
509281338797465600
510502765513433088
509997318951563264
511153149215010816
511335019134988288
509395463829590016
512003655734919168
514165360707506179
509279034614628352
514479399719419904
509231847830614016
511913308295667712
508804808627589121
508824176900067328
508393217729904640
508799965570035712
509092410463633408
509153971106496512
509338967464873984
510985981475188736
510279689131130881
509165574715224064
511046265241862144
509237282457411584
509310262961524737
513730994055024640
509677299281575936
510400038829178880
509139423913472001
510361378012405761
509309197251403776
511787424771342336
511139368783081472
512132477733728257
510098849600262144
510428971926712322
510365424341356544
511146352672120833
511363235300122624
511106190999175169
511000086319349760
511057543678799872
509705971690528768
509673793745211392
510376569953456128
511108802817822720
511052575743827968
509749320929648640
512297195194691584
509754086208856064
509404642674212864
511200263336501249
510346599336116224
509299859434659841
511345004124438528
509394068141789184
509297820377960448
511406378439544832
508588287615705089
509363114564141057
509051703375564800
508745076517138432
511082451519565824
510349089624440832
510097809094086656
510451231882362881
508962187889475584
509352691714121728
509730156907208704
513732289608421378
514356962100658176
510104678890102785
514430329038184449
509735017195372544
508477775247065089
509678127954423808
511084919154434048
509398120598609920
513734387049836546
511024889428733954
509787615411703808
508933845630980096
509952536443236355
509997030597341186
508531659507916801
510240153458069504
512224103143833601
509702009235066880
509988032707977216
508616758249259008
509293229598965760
510484467245662208
509723119675015168
509294791884959744
509364514005852161
510525231099023360
509767628924002304
508996015958269952
508558719991291904
508889913568149505
510605535112990720
508502190827118593
508967622952910848
510652677983064065
510371562600808449
511114416268406784
510280236496220160
509992874084012032
508396868770885634
510416703671783424
508828723156508673
508496047216533505
510008792155582464
509406871636045824
509381587671064576
512305079396093953
509234821085020160
510366711455817728
509098923282022400
510364502869557248
509046738607685632
510467194459676673
511380445276012545
510947158179471360
511150049363910656
511760980926164996
510345967703322624
509854369123020800
510713888267313152
510463059442155520
510482028371132416
514096356848570369
509386085521039360
511244002490740736
510530594716262400
510586452875673600
509315823576416256
511551572854075393
510895864340946944
508484442189344768
509343265033048065
510018016986144769
511958552244547585
509202053311107072
511050956528578560
511068854072520704
510481440539418624
509022979909361664
508500194258739200
511943683781193728
509387407632785408
508484002710188034
508603633143775232
513978289216425984
511145682611081217
510939365812363264
509383228415680512
508864335892865024
511021561948958722
508926303010291713
509686159048339456
511565036460838913
511111864130887680
514754203315490816
510710424413540352
511887023875969026
511239237132234752
511067811301826560
508583887887273984
508485695208710144
510522481229037568
508389135975862273
510028630278160384
510494456119058432
512198870969753600
510355889945968640
509307261479424001
508985182234218496
509732676379492352
509669955453734913
511627604802023424
512177158190419969
510625950510612480
509002438997577729
510970338348265472
510586174139035648
512023500098240513
508535547887759360
509681986810568705
510979165076467712
511822032091086849
514728929572425728
508579367094460418
510406556102307840
510487403383881728
510288941556039680
510364393763110912
511552340621791232
509735672077230082
510703423625244672
510684272605528064
510507377141886976
509004623353364480
508502058639450112
510515209014767616
511599902409781248
508543070795608064
511126724545757184
508955714317221888
510509316290650112
512171496051970048
511023762985066496
508525346854281217
511926844749520896
508613091836194816
511137509103792129
510318260202381312
509276971587473408
510009371611246592
509693016894734336
508604019359510528
510637088631705600
508506222719270913
514603740037672960
510381075269705729
510501835220590592
510960994710192128
510934420510220288
512280835135766528
509328656074698752
508806692466077696
509191544293687296
510366351278354432
509401966208761856
509002484715487233
511139734563733505
508892289205538816
510710660754186241
509263315139166208
508453385796743169
510404166830018561
510482152530534400
510713140875497473
510388426147786753
511127459689807873
511929385897582592
510365516410523648
510049640851337216
510501219195166721
511537737732603904
514055048196673538
510957210369667072
508958092550107136
509214462914469888
508728115884212224
511626053219913728
508706099965353984
509173619436421120
508870282207973377
509272492792217600
508542738661662721
510412642695905280
511073025178206208
511132400101769216
511450829942190080
510139787945078784
512319707513651200
509783486891184128
510895255063785472
510008019413770240
514252722741477376
509035048902078464
511012462171140096
510222805091500032
508754776226799616
510119322279084032
508919259276115968
508816002096713728
511144395567927296
510378117991387138
508554003173498880
508932131368607744
508605327483224064
509657965725777920
509995162504687616
509026490437365761
511568694531862528
510435282378711042
510325672888111104
511723003730599936
513964184837435392
511591696690188288
509677589041254401
508516149475434496
511064690642804736
509652003287334912
512248657085624321
510427882129072128
509256510824656896
512243232848089088
508591742413582336
508412325049933825
509328680217104386
508837185118674944
509698721013985280
508962114023981056
510000341266345984
508498233614950401
511194203993673728
512164139532554240
508516364546351104
510009871345790977
509056188248776704
510391353029955586
512085910708834304
508351656082563072
510393622659743744
510669220443480064
510911005258293248
510429992048545792
509222984112803840
508559676389462017
509968369278124032
510146599138623488
514220901207130112
508845390268211200
508600464493920260
511196019741044736
511784868867358720
510117794659045376
510230829336133633
508887915661754368
509934738795032576
511989290893860864
510357963161096192
510381372125351937
508929892788891650
510892080562835456
511087188134465536
510501192716140544
509774007097626625
508596214951342080
508941043945844736
509277061945372672
511144080164659201
511146274121195521
508785069951954944
511147808783474688
509418742460067840
511525782087159809
509270354867396608
510711036924547072
510112318236000256
511498976265121792
511544458660163584
511149204350066689
509370869185933313
511256123903442944
508561870664380417
511807328278937600
511049931096748032
510097249301327872
509345610189664256
510450211332706305
511602865295884289
508457621158768640
510176988544643072
510286905510858752
511886213007945728
508496275579228160
510454315480145921
510455598735822849
512133585873014784
510114855731200000
511081059572645888
509779376116731906
512194734887288832
509255135843729408
511146076691124225
511247771148378112
510682008574382080
509927738481078273
511113529483870208
509193515247468545
510434145525198850
510398573326770176
510148973194006528
508616480905125888
509805933938352128
510879852493565952
509199624129617920
509031167501156352
509330914355081216
509766062339264512
509695299015557121
510384953389883393
512205919330267138
509356875951788032
508519267604508672
511429604310274048
511210015906988032
508491383024275456
508881286274891776
509374111433625600
511089127219949568
508591918888935424
508952096301805568
509688769789054976
511014300127739905
508449247029518337
511500242005422080
510286814494470145
509663955296321536
508475402512117761
510431088875819008
508502358377398272
508546339425103872
508736148999372800
511036716958773249
508452073440956416
509271910040227840
510173691380899840
508887243860090880
509292924756971520
508391967294627840
509782607794819072
514709196340609025
511190047710662658
508491833022767104
509276099134496768
509266551652888576
511075477243441153
510411917194575872
510043806327009281
509651310040203264
508876316150489088
508602794824450048
509353343316000769
508358056061988864
510086968190173185
508462694651809792
510335384677412864
509408772130091008
510458205214740480
513637424165949440
510357198300405760
511000911544475648
514474607068577793
509213331979112448
510893825758224384
510087934846844928
514116512236331008
509758669735489536
511535948589318147
510653950417453056
511998814811459584
509258172951834624
509958678053941248
508910083045351424
510898516130926592
508959515710984192
510952172612116480
510203983332646912
510879104665935873
511144211635511296
509394997611749376
509326096706174976
511397118800449537
514620464182751232
509362086753730563
511009586594058240
508936242730266624
511962880816586753
509100188414521345
514061235264815105
510118829167362048
510034213614018560
508817329858179072
509773640099831808
508436752667648000
510237485461278720
508512018882519040
510693447317983232
511128820154265602
511073435154251776
511971643007045632
510313984168579072
509776711873875968
511042675252805633
510697684638789632
509347245993381889
510326851894382592
510084531198918657
511526726598270976
511761095560679424
510338938653790208
511148540689928192
509860206818627584
509320328648982528
511172467432243200
509329286906408960
509032575562567680
510299078526136320
510424257705160704
512092577416241152
511729458282123264
510070286960427008
510293526014222336
508949516767068161
510355530347323392
508593700448915456
510134334682968064
509939064233926656
510128662130483200
508384325373415424
508828766940823552
511026028316082178
510229527474081792
514537509955862528
509062728292372480
512230943092776960
511209285590581248
511150794624999424
509794382740869120
513901681818353664
508783509977047040
510440380525862914
510933717653544960
508573381667463168
508988527015497728
512169916535803904
509720254360989697
510440152716836864
508928964912373760
511561758625263616
508849730730729472
509338016976891904
511951770625789952
512319602857377793
511106080181473280
509264246878646273
511081407125274624
511128619574636544
511501727355240448
511109583830405120
511886807068598273
509386076012949504
509344307115868160
509237974702096384
510920055937200128
509405818346029056
509989397047947265
509691592886611969
512328003825590272
509238753731555328
508883832720736256
511142773643558912
510008087814488064
509351780958756865
509019913822822400
511021358088978432
511931955261079552
512260941686538240
511124187595808768
511707137446121472
510657485535850496
510116183098785792
510365446940266496
511139281671569408
508878132380958720
508368448628744192
510913206554877952
509195156059222016
510263629753495552
509370405820170240
511144874825891840
509942726830215168
510098054884491265
510522240325005312
509062661112213504
509012451065462784
511075161596887040
510517324554592257
510390375882579968
510149006899822592
509347449404526592
511488060932902912
509202684268666880
510708409763504128
509746239710437376
509225098826772480
510609365829554176
511457157699874816
510713374460493824
509975730864664577
509401705382170624
510687564999954432
511036382765015040
510349886496059393
510431840620916736
514244836053229568
508967279464161282
510124388688351232
511919368477753344
510221323260289024
509372321048457216
511145559273787393
509362736963543040
511045158607925248
509224052670484480
510071136986464257
509253382016471040
511388645765681152
508927057879760896
510083350435229696
510121593733799937
509227552007655424
511147258742452226
510037448261246976
511008652602650624
510027051990908928
508962781295435778
509241251497906177
509330893623029760
510162332581130241
509807289327312896
511794132096798721
508970622005698560
514298638353195010
512280485335416833
508870862699626496
508579926002253824
510351003150192640
508971070607462400
511338510201020416
508999842509508608
510103589201907712
512312457411719168
510463364087447552
511723472658391041
510458795839848448
511548792366047232
508570396837171200
508938978079166464
508577419599437824
511936785220661248
508565196541931520
511491908347392000
511526536638234624
510202468073230336
510080660111777792
510509567873003520
511162631432859648
509344887074865152
510380405770297344
509756275316359168
510928658203439104
509306629821853696
511568900946141184
510077440505688064
510068871718387712
510238500642250753
509274101534294016
509043165743943680
511206412161396740
510098825529147392
513608054563426304
509378591704891393
511087184951013377
510118927004106752
512247157504483329
510178407091425280
511112829252800512
509156133332733954
512186511203127296
509145020247855104
510350435635322880
509660060826750976
509829667788832768
510529847966183424
509226093094506496
512000973917548544
511805645020876800
511955104967458816
509753382383276032
508833631679172608
514326390858977280
508439345452568576
509346499042742273
509401399977713664
510365426182656000
508598566290333696
509669398827634688
510707914864996352
509986209049755648
509139557694971905
511220626204278784
510528404110594049
508884715256823808
510321525312872448
510898612604125185
510345911977791488
510480522620190721
510295899856064512
511083305974784001
510047084653719552
512143227940392960
509206980435529728
510240699430621184
511854489217679360
508882135852130304
510095682997194752
508953004171489280
511354532010680320
512141096609013761
511429019678437377
510512834443108352
514736833989582848
508776014915203072
509076596750577665
508398054173839360
512285546253545472
510308434764238848
510456760101240832
511072259788660738
511184434587262976
509393762246619136
511550258573090816
509687343305871361
510012308626497536
509966209769426944
511519618167746560
511445962590388224
509401766731866113
508936465515311104
509896352382201856
511112170780647424
509757458072367104
511513592412520449
508930673059446784
512117983439638529
508559242664501248
510451687153090560
512071971912171521
508610536972779520
509931163205386240
510459529033555969
509287421901430785
510711953577508864
509327191536984065
508864025858301952
511141768209788928
510045889608810497
509341464451510272
508480637938839554
511130520223105025
510008481953218561
510982672164741121
510408539257323521
510965615272542209
510707983219568640
508890799203840000
509170647382360064
511121744518598656
510009400564928515
510179871562399744
509688687622246400
509400096849420288
508830412320169984
513866284832813056
509992790164783104
508619824390361089
511064836131020800
508616532465704961
510386506293596160
510957053763125248
508725447782563842
509282539035324416
510214512142974976
514283234276810752
510403154198818816
511052244285132800
510507123185184768
508614932062277633
509063284989771776
508973077527822336
508562247883313152
511642836039917568
510395768314671104
511255032948588544
509780571942158338
509418344684859392
509862470547025920
509099377382539264
509428959797596160
509034691412779008
511946374666280960
509405485338853376
509760606497304576
508937094094274562
510503935551881216
510322916114718720
511013185080406016
512300011703369730
511117576542240768
514653614967881728
508525384711675904
510300719673786368
509010529474445312
510370108276228097
511971534047420416
511140395896422400
510371687632601088
509364488781320193
511491261925036032
510371836748517376
510707613667831808
511596391198515200
508755165290049536
509353706819571712
514122814367232001
510529072103817216
509341570861367296
509096422289846273
510024963282067456
510078147480813569
510316801612201984
511614843590561792
509248548815138816
509398037811036160
509741484665360384
509314190063194113
510074981204901890
511733859625353216
509313807647531008
509375031743234048
511891953009451008
509050106729869312
509371854025273344
510965060261646336
508470106628694016
510986338342936576
509373348082483200
508523875416567808
509268897309028352
511081006112059392
510442341358788608
511128525664169984
510395586424475648
508604208937848832
511149381836230657
511085167310807041
509185529150054400
508915546432106496
509002109396611072
514590081722908672
509992423066320896
510648452166868992
508987434080555008
508737714452434944
514128105380655105
509071003188596736
510480663393230848
509315092609916928
511129901793943552
510453437129961473
514549872834260992
509133026337751040
509754234334502913
509980412324478976
510090521188909057
511441835034935296
509654186292559872
510425726957658112
511476307197452288
508485814808879105
508948415099588609
510020976856166401
512128165456510976
510292222227791872
509960722944503808
510628234422386688
508972932694294528
514634825085370368
511101825672839168
508464640460722176
512132098178568192
513897736966778880
509285448867270656
511223293513170944
509368932093165568
512166579853733888
510102698700460032
510463921086808065
514403417150590976
508502357382946816
510497528412794883
508570692137136128
512260656775438337
510998821695160320
511287778844614656
510404663968284672
511369354105978882
510959882544373761
511081994415902720
511163779673899008
514426999025438720
509845437117775872
511803295627636736
509215424022470657
509405553659879425
512329762178875393
510117268273917952
510139985140670464
508832892202397696
511147314728038401
509347890402041857
510512756525899777
511669477172600832
511761454744489984
509274729673285632
508809522379386880
512183845320679424
510514008244244480
510140239198031872
512283037539635201
510319012958711808
508619230334316545
511149310893772800
511657390572584961
508589835507208192
510122552111267840
510398682760368128
510953131824271360
510013733662625793
510889498490568705
509216055739166722
510384489747726336
512082055614586880
511150215357685760
511649618912763904
510292309426991105
511131025854828544
511637412385021952