383852368552415232
384048769081171969
384259990417973248
383984866217295872
383374226150805504
383102366511136768
383963383282012160
384526803739492353
383512595958730752
382915724081373184
384241412361170944
382829594820096000
384515622828118016
384223701144576001
383173617313251328
384200955094257664
384837041814786048
384232048124518400
384582509423386624
382856858240708608
384919454993240064
384607507382935552
382859147173441536
382892243641569280
382914193348755456
382928382721531904
384529330925101057
384990917586743296
384336925617713152
383966872909004801
383624835802619904
385012057294508032
384307384686219264
383040111459700736
384542387369832448
384719876331302913
383241996519079936
384900611671855105
383863435957518337
382846453221036032
383904420523544576
383571219939090432
383865953529782272
383178520358559744
383487691297284098
383410461695176704
384293423798185985
383732847934062592
383677146352615424
384860484643475456
384149259941322752
384990330962968576
382850881323933696
384074228364247040
383607832752705536
383308548538519552
383679474539442177
382851000031121408
384054874729897984
383994863982616576
383600460340666369
384745974133817344
383693114365714433
384100089389907968
383993008724516865
383205577176150016
384463763186778114
384870330960850944
383215415931195392
383304151977168896
384967610917326848
383788918421737472
383138315639468032
384941292209582080
384904387396501505
383058255985270784
383873820915806209
382850470370234369
383798232515506178
384794485974384640
384914396033458176
383374878294179840
383911304723189760
383268788067516417
383081653049913345
384586376206770176
383421976213078016
382913018046451712
382930417776861184
383138602198122496
384316672665849856
383292670409326592
383145353102381056
383972278377385984
383872650797670401
385034162303823872
384245822935678976
383181970903031808
383647920999768064
383317795326668800
384911618167308288
383884674616918016
382848654735720448
383870633655812096
382840042198028290
383597824882905088
383040667078770689
383097657759395840
384564148832452608
383871343579914240
383100258940493824
383334987137028096
384022721791004672
384062499265314816
384889997813231616
384256853862932480
383237752516382722
382937561850593280
383219357683171328
384065159804616704
383874466289164289
382845580101160960
384383832037662720
383768214351523842
383080132895707137
382924141810024449
384943499063623680
383553088155418625
383247089599537152
382956922174844928
383265124959535104
383833446872657920
383152388560789504
383125061621665792
384837531042205696
383873993310081024
384457473609854977
384813004618883074
382869914253799425
383961112339054592
383879322659856384
383834886684958720
382850672074702849
383686486144471040
383070962251739137
382948237860405248
382880348935561217
384378337218400256
383557290575405056
383101980316426241
383658847673389056
383343339728146432
384840730574721024
383992542414381057
385025950909333505
384349320142532608
384239413846216704
383125159051149312
384388987785199616
383307360728801280
383628781241794560
384192224793477120
383003699360309250
383674962428436480
384744523965800448
382827662109986816
382823728662327296
382906858022776832
382850892586045440
384756624998424577
383927059132997632
383582554630418432
384210584272908288
382886756321730560
383336480120135681
383554964184125440
383641350002192384
383064916698992640
383636928689864704
383186843719970816
382842387107545088
383128637727580160
384182601637826560
382852574577053696
383588119385096193
382898540252766208
383372648090066945
382836313562435584
384084379036688384
382873664112590848
383732404390600705
383433215257497600
384596985870696448
383002239461109762
384652260632170496
382854405717901315
383902732664705024
383711746621313025
383939148425330688
384835086971330560
384386936754147328
383946185020407808
382902321484951552
382839308643614720
383022981225938946
383550539440480256
383076170029207552
384452402801156096
383154954883452928
383174769404702720
384819864093081600
383936360232415232
383319532691259392
383907512288051200
383041238506565632
383536834547949568
383993022121123840
384278597709467648
383048084907106304
384537625484218371
383990287976386560
384237409296064513
384565866764832768
382947651219488768
383870764216504320
382873220371988480
383834248060223488
383009767653785600
384675844691472384
383908934622642176
382954015807787008
383863938833604608
383579831063314432
382917477787009024
382869280355659776
383835759381602304
382855724881043456
382968764494381056
384190118438772736
383247575195058176
384157488771121152
383282848012439552
382848052869857281
383136601456377857
383669965464694785
383865955786694656
383933896187846656
383929494135767040
383869759906779136
383836027875774464
384541370267865088
382906207620841472
383103922753110016
384795891720552448
383665851691319296
382823099097300993
383180795700989952
382931017230594048
383669810334564352
383469977145049088
383211999603085314
383093986304352256
384996134705307648
384658351029616641
384651800307306496
382891693176930304
383987639801487360
383362611477483520
383283374481506304
383920022214963200
384318939209015297
384015219699093504
384614495256977408
382877511933100033
383593518796513281
384182401045241856
384030441725915136
382866535707987968
382863063818317824
383239204882239488
382836180070727680
384760628767780865
383614092197371904
384576691709808641
383519048543535104
383894268001394688
383863604354633729
382952457371803648
383902581681954816
384747733145227264
383524796245360640
383077229275516928
383868961827221504
383856879652204545
382996946379485185
382841579381092352
384373285242159104
383888888671899648
382885155251036160
382915749788278784
383899053416660992
382912719684243456
383558640290254848
382892438949752832
383034908429406208
384232854986555392
383054464539574272
382835409358553088
383128371401482240
383886464397766656
383090514758610944
382839150358978560
383315199706402816
384585471226937344
384972764555538432
383891721169666048
384907037991116800
382919900169113600
383575325524770816
383889711548215296
384175062552547328
383889868423581696
383960180838633472
384882915642855424
382880817149526017
384003493972815872
384386367364816896
383135122934878208
383195767751843840
382974725578031104
384536856337317889
384610826415390720
384762939946713089
384410721422815232
383867144502386688
382903626131177473
384228491312771072
384127425631625216
383112728736317440
383176255669293056
383980982954885120
384418440192090112
383227938860040192
383554163264593920
384551204384022529
383711150874955776
384598838322798592
384056879724650496
383076873615314944
384651905340682241
383870656468623360
384223728877305856
384362609837113345
383935796358574080
384668377278472192
384632582060507136
383852352601473024
384881244204707840
383379487682875392
384581322448326656
382982289254121472
384753002479095808
383634222331592704
383365425914195969
384925831346532353
384015897557352448
384569395621953537
383161529966665728
383608800869363712
383124756339228673
383615318255349760
384568255865565184
384731764775612416
383112632665767936
383928366883012609
383318394243518465
384380044883136512
383111645859311616
384323660598636544
382939242982567936
383067494862188544
383551001997115393
383909732781539328
382863778590638080
383966285044125696
383128714844069888
384571092054343680
383327421484658688
384251099873419265
383865578965856256
383535756683120640
383107254041337856
384320878332628992
383187374332600320
383441419823611904
384965514768179200
383920961956749312
383060869069799424
384469865530396672
384662962570412032
384428893156802560
383582245996736512
383603884624584704
382833488640372736
384173623038058498
383356268724756482
382870697359323137
384075989669928961
384901135464554496
383863740594417664
384156083809300480
383501803540606976
384114853863890944
384481269390004224
383492474729406464
382895044669497344
384602841660133376
382940965675487232
383143928331243520
383913009611284480
383256306196684800
384283154078781440
384515594839547904
383099644999643136
383084326146957312
384311600506601472
383169632687112192
383292817931792384
383782595932483584
382827910098591744
383926081838804993
383879521440501760
382950504550391808
383944180776456192
382991597341667328
383912575005491200
383476123025149952
383403719502462977
384064468868542464
384441641177604096
384051628606623744
384990485477355520
382900151943049217
383724004374089729
384312730049449984
382966315461275648
383270027904184320
382873927715782656
383280053464743936
383955496425623552
384944617289822208
383080752318935040
384810170896744448
382929068024668160
383141855308693505
382854611666599936
383133986970546176
384714768944492546
384249209307668481
384020762363187200
384233362090504192
383131086420598784
383508466955874304
384348593597186048
383633428727336960
383932442446274560
383691047882088448
384383896239865857
382854699419852800
382859201024098304
383861117526605824
384891977608609792
383926604201603072
384710029703909376
383899914700595200
383550464580911104
383541085831569408
385017758959665152
384836339293634560
382851847545167872
384994488000589824
384253097389735936
384638186259226624
383862609097031680
383931760771211264
384798419727822848
382907403714306049
384876739274354689
383321051704619008
383588316446081024
382971301905694720
383295959645822977
383882560692301824
384119330763333632
384238733199163392
384140707440492544
383556878627643392
382924414171770880
383630458463866880
382831394457522176
382920046541934593
383513712935452673
382936209753767938
383086906252083200
384389604016521216
385040210871861250
383983239473287168
384003195506143233
383154167201550336
384389886377488384
384759701415542784
383244886528385024
384598456448188416
382852162822217728
383300831267012608
384678507466350592
384048843483910145
383143429171314688
383689254032789505
383348937806995456
383155585329266688
382905184021917696
383511858616860672
383060559177854977
383602652929478657
384310204268965890
383779853436063744
384822141012942849
382877341363761152
383154032648273921
383588942895140864
384383868817510400
384911268047380480
383676218773491712
382854419131691008
385010258914983936
383969020463955968
382837343792529408
382977743144488961
382865283838246913
383122147872636928
383400863479627776
383327801509564416
383595265980383232
383565304867332096
383171233912598528
384248573304786944
383296934305599488
384545003537580033
384408711462019073
383561433008865280
384399899095080960
384536927414009856
382910217131802625
384616143396163584
383182337246126080
383261637631016960
384180840210526208
383221303609532416
384654119870689280
382932636349374464
384396930706440192
383111952773312513
382827172521443328
384744522560729088
383469337924755456
382903849985392640
383204606190157824
384000796209070080
383247937599320065
383372138486325248
383637903873556481
383841262526537728
383068462567796736
382849485962895361
383391858279202816
383105446287917056
383347104275763200
382831603182882816
384980972833628161
384906941673123840
382905033525706752
383865667998720000
383910487060406272
382893125259112448
383209579149942785
384564568208318464
384400659174674432
384590195539996672
383119707882401792
382848828241891328
384415851631230976
384906948912504832
384714052707954688
383941549236957184
383505346230091776
384940522332102656
384918610629492736
384243589452402688
384409408174051328
383597324770869249
383524281784619008
383876738054225920
384912595993391104
383014059689644032
383863677620736000
384632413558542336
385008123553267712
384539418184265728
383628275517374464
383363744379588608
382869678399311873
384383808696365056
384598875886981120
382943605914341376
383847135323508737
383200615452528641
383090111283343360
384930174011473920
384586611754668034
384221173577687040
383729553153462272
384915064085839872
383380737853906945
383268111182340096
383669894484865024
384290416478019584
383556704245661696
384921631225028608
383869592642154497
383142929956880384
384756761787236352
384139790201126912
382947908003594240
383865649270763520
384737293921050625
383405573179719680
382881931899056129
383193756968558592
384668604924325889
384209290279809024
383848058972536833
383993489262149632
383241883834925056
384109696522539009
383178390578024450
385030981113372672
384720178014994432
382934773490262016
383865516282355712
383223463538094080
382945222755229696
382878439000133633
382872822294409217
384077389871206400
383990162411499520
383989118843490304
383733062623715330
384571564206743552
383895148318314496
383647132705914880
384338468488613888
383609535983673344
384511975637917696
383251906816389120
384209603388383233
384296512924438528
382843515392491520
383489673143648257
382989427196178432
383012295284387840
383269241106886656
383097800793546752
383016032543068160
382877958110597121
383133312169951232
384069784591024128
382881458496765953
383691848335630336
383579270691307522
382975110124412929
383877992855769088
384523910651199488
384772938010206208
383122537850212352
383551506319831040
384894946198556672
383589848910553088
382945492545437697
384216706329374720
383900239314550784
384295752811311105
384760125854326785
383101721016156161
384707769535709184
383137684686135296
384201365343322112
383833550551662593
384946800278257664
384061457576366082
383096592590315520
383075734069067776
384463412203634688
382837286297415680
384156059549831168
383006681451343872
384342335867203584
383982865039781888
384637106825744384
384043339982462977
384756119266004992
384016565374439424
382879057676750848
383687549208002560
382880919972872192
382939414785036288
383982987064651776
383596900177281024
383315061017956352
383636461079109634
383191483433906177
382839737360195585
382824065834029056
383879813376667648
384544876144361472
383923474311299073
384930174024048640
383877133359009792
383107409956204544
384934775636516865
384947941166678016
383448424340668417
383124407805554688
383980464958373888
382890186084196352
383833818634792960
383918387790770176
384868796562825216
383151713550893056
383926884045963264
384747736664657920
384319151721824256
384275871281860608
383568453350604800
383157478977843200
383331254063472640
382851622680133632
383917198412365824
384565136603627520
383884920029851648
384494423188316160
382895400413184000
383902684656316418
383274297906573312
383522653111586816
383937033514676224
383671661129506816
382915119090384896
384831699277721600
383980712862310400
383302962598006785
384301965242417154
384678025326907392
383568316054638592
383119751053967362
383474759452741633
385024333350842368
384836131734315009
382923669917294592
383768699809046529
382828825387618305
384695670168641536
383510019435544576
384951176409538560
384355580531716096
383695432892698624
384518875557421056
382959972507607040
383143161242980352
383300263559573504
384936617384755200
383989117391872001
382949634412257281
383561558615273472
383005223142584320
383631973010243584
384016212746702848
384211949950484480
385045312072462336
383956203966955520
383575312077840384
383136664669155328
384275092366041089
383919403923816448
384775568895389696
384137460252278784
384907372080005120
383789084889477120
383061845822562304
383263633251115008
383187094102745088
384637252992630785
383966443118682112
383228430768406528
384350329166626816
384783887496658944
384620603514183680
383931362778284033
385013123083550720
383267660571881472
383033293593006080
384518256725221376
383768235977371648
384504170192973825
383910716568129537
384531791513542656
384819796925100032
382918734400065536
382865192276590592
383864060611002368
384182779896156160
383260753920139264
382853550054711296
383917775934459904
383741872252129280
383431431852015616
383576338319560704
384012350975508482
384263619963547648
384140162130657280
384759088430993408
383509489061621760
384649451274797056
383954214424420352
382909764860391424
383530395146653696
382885686518775808
383308011902894080
383391855313842176
383344174386249728
383450126058266624
383858410376421377
383268220179709954
384224064773967872
383225541924360192
383124139005181952
382922633664151552
384917889444098049
383049781322317824
384352755395350528
385025453893095424
383368926677065728
383010540848951296
383491286008737792
383421446346657793
383103622520664064
384117846596259840
382835784673288192
383883305403162624
383186445390737408
383993601660698625
383323167671844864
384394709709234176
383258551273013249
383240700969488385
384009349733285888
385040066621763584
383885509681872896
383410854764371968
384646681557348352
383932551225565185
383985206597664769
384793788595847168
383137327863701504
384559460686913536
385024866035834880
383347793617625089
383184351850008577
383516428785033216
383450659325890561
384383942645649408
384214928598777856
384578385877667840
383729411734142976
383484929243643904
383141586974285824
384364114782728192
383878989678272512
384531726909046785
384304179612631040
383597123914063872
384387990266462209
383946821451542528
383510892027330560
382937497472225281
382978793473712128
384822140891328512
384383713829584896
382923307462709248
384151320761864192
383246147231289345
382839945104093184
383601972680474624
383456381698711553
384906960459423744
383116204321153024
385019347212959744
383720150576291840
382937453020971008
384506646023524352
382854584903151616
383547595416543232
384363504565628928
384657395772715008
384056007292252160
383574415604469760
382823476471803904
384139788196261889
383871095679352832
384301338219511808
384409453967056897
384943272319152128
383175852911247361
383602445055569921
383105507474821120
383932549979852800
384833319520579585
383091774807236608
384601281652088832
383625495394648064
384872653712265216
384532515106480128
384972764719095810
384630847359684608
384132558499614720
383248143292583937
384229709657423872
384906730926120960
384159123689857024
384745979267661825
384162668367446016
384385553308725248
383859341834465280
382891676874047488
383918434754789376
383189028624801792
383886417430319104
383311494428913664
383315368631996416
383169560423432192
384705707691753472
383642180243312640
384409769593012224
383751162106617857
384693003366850560
384525322567180288
383464908387799040
383140437571424256
382895646530748416
382967617918881792
383125870291853313
382854526534823938
384970711317897216
382984314927194112
384882627523534849
384574693975404545
383709936888184832
384794820750737409
383679378149744641
383706376024760320
383100450956136448
383888358269026304
384612751253209088
382837627281354754
384236112593829888
382842791069372416
384539662385020928
384525273900662784
383261371887931392
383933995265699840
383350301773664257
382864447175278592
383882751994101760
383162098655584256
383125025026367490
383438920538939392
383137049144213504
383630674759925761
384742494358867968
384586974100594688
382864830371069952
384809108408258560
385005097862070272
384864574010191872
382916310885101569
384307551686246400
382923086284472321
384300999130615808
384776915120181248
384085399989022721
382853974166339585
384119843852521473
384673718447775746
383688053111652352
384642485361729536
382918678884265984
384225585645768704
384099997987667968
382941047439257600
384911618163085312
382891272882511872
383799628371853312
383876766562922496
383167940440248320
383034477934436353
382908860618383361
382873469492277248
382823822929301504
384913818570080256
384239841749110784
383875425497534465
384893397242105856
384213091854352384
384671590442491905
384924881302720512
384226277961367552
383880047091671040
384474385153015808
382902911946072064
384405199701295104
382828374802313217
382983824080388096
384830286581600256
384903758762627072
382876082284023808
383199692726624256
384236762584731648
383415992228913152
383206112646148097
383919722590253056
384105732812963840
383862308801216514
383318515588939776
383295826019516416
383067214632730624
384465162071072768
383595367926726657
384170477402324992
383925063071707137
383945965909983232
383856402101731328
382920485010677760
383506336966647808
384926331924123648
384354169793945600
383231744998387714
382876311733432320
382923926742904833
383195349839781889
384366154589802496
382942471778353152
383421236170076160
384007371833356288
383295255115616256
383877815919075329
384292276194639872
384719260444282881
384891022033313793
384077557169004544
383570521994330112
383868698521780224
384898089913286656
383466515850203138
385005791222054914
382938832259133440
383102834868121600
383872872319434752
384646522719047681
383723741538422784
383959294355701761
383498074066518016
382911439180034049
382901581764915200
382934883942686721
383294411750522881
384658470240137216
383365032265777152
384364042506481664
384734403504906240
383682081189928960
385040603496452096
384382250030469120
383116009730609152
384174616559620096
384790494250684416
383613227172917248
384901317933551616
383142103301124096
384099632722100225
383627204233416705
382835224964759552
382860413152800768
384590819497218048
383905679099969536
383508475923296256
384675036151308289
384600135914627072
383252297720934402
384809108966092800
383392549672460288
383755062519947264
383397081831854080
384368283136176130
383505732806524928
383569751277969409
383867492998709248
383132685356376064
384919647348199424
385008969715965953
384800289456259072
383875952419155968
382874332453949440
384348315275362304
383216709525446656
384134636823015425
383880893351219200
384184812468461569
384938238890110977
382947629736681472
383025817913413632
383501324303626240
383325376409120768
384353055744860161
384285595511828480
383087232288301056
383140126756712448
382893814752747521
383094750649143296
384328004991590400
384993319589122049
383731921047416832
382856021988741120
383889608758398976
383190257102884865
384238676856680448
382903503657517056
383265959286677504
384529315507208192
384701354398076929
383893131713728512
382873430808621056
383284692239544321
384678053365825536
383266786797305856
383220106060242944
384625605976653826
384231522506907648
383600361954885632
384262992646262784
382922011045289984
384632556995358720
383977909163003904
384381182873313282
384511390947344384
384712392250097664
382853292482506752
383345338402480128
383483582028980224
384209248109858816
382864507716272128
382931652433149953
383765516042915840
384333758968504320
384214731978190848
384800691820040192
382898749015871488
384526437996179456
383874143688851456
384407262866841600
383303465394397184
382907993228312576
382869958969270272
383138139432566784
384336163214864385
384484698300616704
382955362967904256
383636114432466944
383930476643115009
384181521168359425
383221792170844160
382914393043775488
383230299175260161
384013437518356480
383935504963887104
383596216153817088
383964838495404032
383505625235611648
382963128696180736
383961855301263360
384672156451229697
382899689815015424
384303487476961281
384430863217209345
383978761722404864
384009843968704512
384578177730748416
384761657483735040
383574460965474304
384662196069744640
384920653280727040
384944981766860800
383438485715427328
384309185124388864
383202204280053760
384475554616848384
383657919645904897
384681874112540672
384618678790004737
384152478209425408
384632537412153344
382900456324104192
383082419739295744
382881628282167296
383368038243774464
384607408628060160
383526957893156864
384019898038767616
383313333408915456
383487350510067712
384441086308925440
383212013914054656
383097622254608384
384055544404656128
385044847943380992
383700375058272256
384635483793285120
383284703983177728
382861569442713600
384925081786253312
384433511278473217
383207406991200258
383821293251874817
384089974577971200
383865368449540097
382827187826466816
384062502524301313
384042538090659840
384661802908676096
384566531818262528
382978487046246400
383169476029849600
383087452476305408
384681211194380288
383244528825532416
383707627428904961
382917456257228800
383786900600811520
382953880705073152
383918612962365440
383692429615841280
383643033062752257
384338214284435456