592648960969433088
592590231519555584
592390506690150403
593164229789806593
592695939619520513
592329933268996096
592867848080465924
592655359115952128
592137589601267713
591921491442278400
592877872538324993
592329254882381825
592243142847397888
591927517520375809
592310973039550464
592131874014629888
592344443950338048
592343436650356736
592750556873121794
591977415473242113
592159086088687616
592909991968960512
593154950470848512
593162119601790977
593380623923941376
593831023286288386
597789995307413505
592720104372183040
592616512642420737
592203493647212545
593780878779645954
592903934806720512
593114266682728450
592333153437487105
592341527478685697
592591553287168000
592637329786830848
592341651512659968
593817049647820802
592344219701784576
592645748459708416
592344656286908416
593186333348114434
592336656658640896
592141642615922688
593279330186178560
592103300662624257
592700745964756992
592748010221740032
592326564110585856
592339417756348416
591986639817216000
592700759445250048
593832138379661313
592685210304696321
591944475611516928
592913734185652224
592627603317641216
592213228521938944
592378631738949632
593466034495082496
592312180256710657
591940933039427584
593719989972013056
592955183753203715
591990088071979010
592907239352074240
592338885927182337
597666520702025728
592909512350240769
593075843871670272
592235159044296704
592687111804952578
592342861439488001
592658099313467394
593298855174795264
592336565554139136
593812727438651394
593824070220689408
593751877176598528
593373004563746817
592862990598279168
592616696885555201
593425928887369729
591924112500523009
592697288771895296
591960470283771904
593745459874631680
592344116857597952
592358000112861186
592862623160471552
592380726642941952
592791832620310529
592666409576038400
591984989450829826
592315941905567745
593057434215718912
591977397194395648
592107163562086400
592113014242877440
592674121022078976
591906070877974528
593066729590358016
592335911683104768
593608686037180417
592945195605467136
591937345898831872
593187840168624129
592752900960563202
592744122366205952
592339203234619392
592143651817574402
592835687935844352
593160207775174657
593276690635227136
591916893205762048
592897154378813441
592335488733749249
591983027925950464
593776885148086272
592618328641810433
593829038315143168
592335443141660672
591944570604101632
592883809391083520
592344367634984961
592692823016787969
592342776181858304
593465915238416384
593774892597796864
600332693126008832
593696945740218368
592673231385055233
592622234239246337
592622034712145920
592269665075888128
593073081742036992
593785051071942656
592140944893288448
593103929942081536
591963086095044609
593666659157680128
593310938763132928
592335758226100224
592344774822240256
593256139644473344
592342555544530944
592272031439171584
593762355755888641
593443169322143746
592344442872410114
592315670815232000
593461551253704704
591990933417291776
592305919997779970
593660335074086912
592779160344465410
593150425949405185
592902201238003713
592747318186741761
592266726097559553
593809595841191937
593245959481643008
592332031150804992
592269529746677760
593144053727891456
593019982289731585
593029346534686721
592974686796910592
591991339870355457
592613322207420416
593108456229445633
593163087370326016
592251295194484737
593784073815986176
592260300411404288
592342638923272193
593122521328656384
592892552698802176
592344660972085248
593183152316747776
591941137839042561
592623190343430144
593475044644388864
593359014001422336
592674453449998336
592647742725304321
592856275974782977
592770703000231937
592306011991605248
592328147510697985
593702475309297664
592698992095567872
592706192633376769
592889407453167616
592341030596452353
592105405523759104
593828292584742912
592075388265832448
592219025758769152
591960518467952641
592108683628150784
593525437113860096
593771424143147008
593356101359378433
592344960873144320
592302827357151232
593183767101059072
592276631839866880
592344660321935361
592341709532635138
592245092087398400
592344738361028608
593492818884206593
592645260880281600
593193057937403904
592332880078077952
592996313437896704
592263149513875456
592338437119807489
592822146264608770
592250646662774784
592700023827226625
592344386123505666
591913889744359424
593515635608457217
593412565537001472
592667253818171394
592343239476162561
593828498596179968
591933372605181954
592700487222370304
592343385085607936
592268702487187456
592278369909125120
592759443076587521
593155741474811904
599911736435609600
592330609210462208
593063165333639169
592343247143309313
599919647467646977
600202543348617216
592343602149367808
591908818050805760
600361190628405248
593711565376983041
592233715276873728
592375847069163520
593180374718488576
592380603586097152
591952492470009856
592343805031878656
593799966344241153
592344945849139200
592934073615548417
593590668032872448
592229922258554880
592150302402285570
592244109898850305
592592490605215744
592344732866490368
593823502261587969
592343322477232128
593121436421730304
593179726619004930
592109250366705664
592828455034744834
591937360478232576
593083056786952193
592236218349326337
593181947129561088
592340468920426496
591939350759403520
593566192096256000
592209718015209472
592695440346341376
591918620533362688
592087343273676802
593501611974008833
593182250616913920
592950303982559232
592903779281932289
593156830488109056
593345715839082496
592071946965262337
591933613228175360
593795185257091072
592637842515329024
593101954454261762
593254575668203520
592691928417832964
592699148396306435
592344610938191872
593585184190009344
593461836848107520
592293488399491073
592344913691299842
593537231446380544
591995695919333376
593227960590577665
592307229593706496
593832460745646080
592692934379761667
592268439277981696
593182894224375808
592085430696288256
593324254986276864
593592079604850688
592815232323624960
593374312222044160
593080695452471297
593801162362523649
593633588479922176
592357757229072385
592681191427481601
592684751598813184
593182374201921536
593058057724108800
592927947910164480
593413744589340673
593188956763742208
592160377519017984
593306047567171584
592257866796560384
593822628584017920
591988602818560000
591949540309229568
592343015756169216
593184950029045760
592960832041943041
592652433244999680
598079215129337856
593811011305541632
592077717719351298
593202208767893505
592684424749305856
592118463583232000
593435065926856704
593062510955089920
592176792334643200
593828143774838785
592704809477767169
592159777041547264
592123596018946048
592133024952684544
592287664788807680
593798414439096320
593442271292305408
592320294724874242
592159826433552384
592339157877325825
592108587154997248
591909231797739520
591912927986323456
592158975006613504
592913382736400384
593615184779816960
591924286123806720
600464994531155968
592592445650640896
593059476648787968
592124252633071617
592343076431011840
593147955395211264
591919579556786176
593152175313915905
593148406199033856
592953036512821249
593143389715099648
592298358061957122
592801896999563264
593829889897140224
592155361701953537
592614221583654912
593409153235824641
592872744095744000
593541643594248194
593184435035570176
593184937047494657
593015637431046145
593112804263067649
592912742010343424
593818357171933185
593425888580100097
592793818094825476
592168712087568384
593324104930893824
592688954543046656
592672313050537987
592209579708055552
592315810632310784
592343665844051968
593459058289549314
593824607095771139
592374679874207745
593102819911020544
592700268912979968
592268379500761088
592252227835822080
593158065672749056
592929450431504384
592688864516567043
592261509658513408
593358584416759808
592395828620169217
592342259628113920
592701166737354752
592381426516955137
592742210573049856
592342768711704576
592616965669318658
592737382274879489
593828509409222656
592337706534838272
592617823161167872
593823854641872896
592160724371185664
593186854079483905
597780713774022656
592343640267223040
592696224286904321
593465194023677952
592864004059623424
593377856434089984
593130358742372353
592699058982133760
592342881098018817
592251659528503296
592734527899963392
593025281570516992
592406754329145344
592701151168077825
593818380273979392
592366953626521601
593308302123008000
593117988397707264
592130690633707520
592123165310062592
592124674861051905
593798878077550592
593146928491180034
593824958502993920
592765578856771585
592337290401226752
591930340911886336
592866025961558016
592679813770543105
593414211658584064
592897979700420608
592872152900206593
591932139727294464
593158846610210816
592186519441383425
592623219825373184
592651449001095169
591953648760037376
592231384099389445
592133076655812608
592691969077444608
592361479032147970
592735133184163840
591977887642746880
592100562226786304
593106657317629954
593829287108714498
593079853160759298
593349718484258816
592166660632510465
593807965267861504
592311378930569216
592375504453378049
592174809448054784
592344819537563648
593252016534593536
592336650098708480
592198410477772800
592600881884897280
592119874685513728
592343603902423040
593355409450278912
593154429668364288
593119932319162368
593776402358542336
592322615710089216
591939541717487616
591936685945987072
592268309942247425
593324598315192320
593322344073953280
593826972049911808
593458958028959745
592237137296261120
593182303393714177
591909208620142592
592700983844675585
592950888714661888
593116193038290944
592994360263778304
591933323275939840
592177003966500865
592957740898787329
593832036919414784
593460576950489089
592699293850587137
593271874689175552
593072980948824065
592894785955966976
592135173308723200
592298660936994816
593769339687415809
592602156898721792
592327313628377088
593121566726074368
592873478719668224
593045678164676608
593775661480747009
592146820295307266
591904010749120512
593701523747667968
592689836856844288
593749452034285568
591949199131869185
593007868921716736
592308745104990208
592344582983057408
592330428352049153
592162156025610240
593465791783313409
592344091293188096
592344932188233728
592372900960858112
592610330729021440
592292275314634753
593704587275603968
592344648397426690
591991088656883712
592344791750463488
593247075824902144
593829365370134528
593077569123000320
598056073694547969
591946639281008641
593013606729515008
592337866904051713
592136310556594176
591936157933576193
592344175514750977
592252955442749440
593186627981340673
593096305796231169
592320638250983425
592911366425567232
593072541746339841
593391071364714496
592342423159775233
592354364389392384
592689834898137090
593424706432184321
592629722036772864
593828392832729089
592212537501847553
592344912198152192
593604958769061888
592697996090933249
592324426781319168
591939373530152960
592700847341117440
592306407149596672
593658541350621184
592139157658423296
591975137227870211
593326028266831873
592120113328889856
592926986256969728
593565335648874496
593144673121783808
593760241919074304
592994124644556800
593138839415291904
593186080314290177
592832197905805312
593110110584504320
593110560872341504
592334574295724033
591973543249899521
597845042280136704
592657148368281600
592344785190408192
600344281178509312
592957520605384705
592810687715500032
593776682269417472
591913922443218944
592338583471661056
593639138487771137
592334948654157825
592272260922114049
592962516038193152
593690173281533952
593832044565831680
599906306007371776
593054394272325633
592328962828701696
593440864896028672
592382316208500736
592829550167461888
592129796890570752
592127612530593793
592732058323136512
593465858816659457
592657702867902464
592767433775034368
592905148952924160
592321073573548033
592321981967630336
592829805764202497
592275161551863809
593298964079714304
592680529130029057
592911368203935745
593109872637513728
592343246505840641
593188954083430400
593234003005722624
592697074153562113
593448514602061825
593157244180631552
592708905748307968
593688748820471808
592400686186303488
592698449352613889
592106268333998080
592377380301381635
598099084595990529
593294940999823362
591996932353953792
593443189060665345
592335426611847169
592268269987483648
592340255748988928
593828045670240256
593115585829085184
592777769341300738
593608651585138688
593296678490365953
592310653651562496
592344535268593664
592702758442139649
592272630549327872
592977410141724673
592269973655048193
593045161204023297
593585413429723137
593377001299267585
593360220790738944
593570995560124416
592376053286375424
593798369320968192
592709478274961409
592749758839713792
593643975329746944
592831399620702208
593802112397606914
592253149194256384
592692846668468224
592766297999540226
592879663950737408
592331584256221185
593296501926793216
592252456735649793
592643796002676736
593826951174828033
592338113483165698
592276678207901696
592344160969084928
592905071341469697
592238863873105920
592397904293298176
593805108334309376
593188232889761792
592337001484914689
593185332029325313
591967712777097216
592700507451457539
592297473219006464
592242322638671872
592335856700002304
591925601101062144
593280424354263040
593615474161647616
592649291115663360
592344766592909314
593691141414879234
592335850819620866
592329383110541314
593082487246426112
592088814279139328
592089779673632768
592786388237574145
592269142570467328
592909568805580800
592700647520206848
592815389903556608
592400621451481089
593112442839932928
591956527168159744
591961229557530625
592646909074022400
593414836240789504
591943375487565824
593336665827053569
593148102531416065
593554432027156482
592920937411948545
592343483676954624
592268914471505920
592344512661446658
592819837472210946
592344957987368962
593809063579877376
592259432828002304
592344934134521857
592903343019786241
592154823753015296
593349774826319873
593306269802311681
592343734991196160
593807595464359936
592191971835285506
592339015283572736
592698004546662400
592294974500241410
592191425254596608
592371127848153088
592333525103288320
592337109911937025
593116590675075072
592898648050147329
591987745037414401
592615023312252928
592800677908340736
592258335253999616
592321087381241856
592146361962770432
593164248001314816
592336562995638274
592343508209553410
593050803876671488
593142307701919744
591931136340795392
592191423404904450
593093532744871936
592343048362786816
592339797911343104
592331826405838848
592691721219223552
592087371585179649
592950352883916800
592342136202211329
592175401683685376
593159676415447040
592283928087531520
592846178355716096
592213202659708928
593141563242450944
593641221098090497
593104101270949888
593826818882445312
593074564927598592
592298335672774656
592344401822679040
593117877567262720
593660512543514624
592342949180153856
593609382119641088
592183073866809346
593187922343501825
592344397364088833
592638766155718656
593180157311066112
592266195606188033
592879528772526080
592342766014877696
592127818110140416
592089705069584384
593042055351246851
592344479593443328
592343045439356928
592699425442631681
592343208765628416
592276316537368576
592670963340353537
592627403735760896
592344308486836224
592147611894833152
593317095925907457
592251431203176448
591940068861874178
592337457737113600
593827659454394368
592620821736226816
592841905546907651
592358618684588033
592319842604097536
592353726817443841
593811529709006848
592208474764902400
592889233666404354
592590525489905664
592339713131970560
592344798025003008
592165566590230529
593825567948038144
592684385905876997
592334866823294977
593097742978789376
592745596760502275
593333274912645120
593602279120379904
592598648082530304
592875473778188288
593789310282895360
593775699338592256
593349696359247872
592344149342429185
593092534932504576
593069376292585472
593707287732031488
592344625735544835
593817582685310977
593317627738611712
593767745650569216
592700919109791744
592251563558752258
592881900827574272
593312043748331521
592343920383655936
593018041694330880
593296832060489729
592091485966704641
593261012263964672
592311082099707904
593691536195452929
592343566950608896
592344291483222016
592400019593932800
593188767223123968
592139682789588992
592191640246329344
592341543354114049
592652666901168128
592134855309144064
592667135471681537
592339843537047552
592375612477669377
593070854377906177
592875153484316674
593156332485619712
592175527277953027
593750904131555328
593159037396656130
593362784206725121
593106764620386306
592113418330632196
591950761317171200
591936649057017857
592205326604087296
592705089472716800
592342726823190529
600022444628283392
592762625261510656
593346692034011136
592143397395308545
592641856913047554
592339876739067904
593282957256818688
592249501898924032
593163318891773952
592332699869806592
593097295630995456
593025123826864128
592693220653539329
592336557001965568
592710443677921281
592343637272367104
592259027674869760
593487666366283776
593106243457327104
592341683456512003
593117866502660099
592649772663701505
592136570863423489
592332510614401024
592633115450937347
592170167653634048
592260164964712449
592175513906511872
593289332741378048
593353168622374912
592699618753912832
591928084766412800
593187076884955136
593788761030299648
592913342575943681
592194164080513024
592403596089556993
593798418079723521
593360294535176192
592323146738442240
593149954794921987
592245165063950336
593778652950568961
592883332825886721
592132335291633665
600409040175267840
592224513758134272
592159914207883264
593306987988815872
592265829288312832
593181531432198144
592912278170836992
592950013766012928
593045422085525504
592275305563197440
592625242708705280
593150510464565248
592799485849432064
592140182733922304
592667941700788224
593116319014363136
593826742063661056
592344768073478144
591989866990174209
593024071736139777
593189824896442368
592699320161456129
592340646972805122
591976111413665793
592698654412185602
593435492768583682
593185713874538496
591975610655776769
593024743776784386
592864651819483139
592690340110462977
593059623101460480
592599077637980160
592163510156546048
592344371762106368
592314219355312129
593832978079449088
593050802895257600
592904455282106368
592905456189833218
592343533341671424
593690030750572544
593422674040397824
593762726779858947
592273935695122432
592378154532012032
591949491219013633
592332945320382464
592277507698720768
592241698752737280
592340812626792448
592344431698780161
592926779565801472
593776071436271616
592907774553624577
593082426298994689
591987116470444032
593722584816099328
593392218553081856
593122765546205184
593281883342962689
591934166398332928
592230768518266880
592261920788500480
592648694765211648
592237655506563073
593681126767624192
591988803130228737
591963862808670208
593569017123573760
592089809528688640
592332209807183872
597724832265052160
592912520496738304
593407372795719680
592878621565571074
592344746636378113
592209655583019008
591959492209856512
592337316699582464
592642912065716224
592234977267355648
592259025049268224
593813058692190210
592602862275796992
592340164468449281
592876153100177412
592638282669826048
592600125031227392
592904159671808000
591977475044814850
592342994562490368
592790172464521216
592696711799250944
593830387819925504
592323156003586048
597862574604951553
593163940793815040
592959308112986112
593151641898995714
593182835416113152
593830138816679936
593161617799417857
592272874716532737
591933435704258560
592936292658192384
593186214485692416
592107939340492800
593306986600534016
592245257791610882
593807504548704256
592272314202361858
592174209851330561
592288033203822592
592700281210720257
592375750193389568
592344766718685184
593188008674856961
593028888600674305
593798017465069568
591936899641520128
592331238024708097
593110169577390080
592139482150735872
592657046941597696
591978014537285632
592668716111900673
592116562208763904
592645001957408769
592243314809704450
592088831328944128
593115113017610240
593356283643846657
592269952242978816
593832338041110528
591918724371841024
593090031885099009
592341014825684993
592170440459743232
592700345656172544
592669264743628800
592298764511109121
592102740945346562
593033433590411264
592690165556056066
593804110824087552
591972797347332096
593048609865633792
597656111777361922
593091024014082048
592312580640608256
592192003498061824
593179466509197313
593342081453707265
592319939106582528
593116135589093376
592700654063325186
592700669662011393
592869740256833537
592091718775898112
592701172978479105
593212167475765249
593783308774838273
592913492534906880
592692878880722944
592343065936826368
593170307223019520
593463530441048065
592698309992652801
593213589357395969
592796412544491521
592720024705576960
593184160145113089
593320383480074241
592343226914332674
592327847898820608
593801438700122112
592344032082337792
592344925213106176
593525914455052288
592698905906835457
598838407192780800
592343104293744642
592331515209494529
591935611579207680
592251650275807232
591992442049560577
593032908702621696
593316615174782976
593156327259639809
592107050605223936
592981671797870592
591967797208461313
592342304427417601
592680764350832640
591909505841106944
593398115429916672
593188279719206913
592397299155763200
592272538421460992
592690177681825794
593115836136591361
593062060596064256
593777870876475392
593101104218419201
591935660266774528
593785562865082368
593810158163111937
592913029555171330
592342013590282240
592083813594968064
592309536905564162
592115412529127424
592693683251732482
593264474234093568
592341232577216512
600192644837408768
592328715054387201
593085910822100992
592684426846412800
592697563528171520
593157962501357569
593295138652323841
593497078476742657
591914281576325120
592157918864236545
592257992642273281
592625875780313088
592304952241885184
593812775463354368
593380635802095616
593824665640050688
592126676567392256
592344845340966912
592701023287910400
592089115350454272
592644403342274560
593321169236959232
592380316246937600
592931363667345408
592687344169390083
592341144215756802
597741776594571264
591991378596343810
592913703357538306
592080430439923712
593220029807665153
593396270741479424
592331630808735744
592242600565972992
593122461924855809
593831936281284608
593667341659021313
593104531199766528
592343896329363456
599933903894355969
592344970494877696
592336467550195713
593295060583649280
593182504489615360
592338798752600064
592997903251025921
592639952250363905
592343811084292096
593460334532374528
593830488013467649
593696460262285312
593460452870455298
592344861531086848
593021404766834688
593749130431877120
592337847937544192
593114177977192448
592341650975825921
592313801447452672
593084826065899520
592341681359462401
592658328272113664
593829013040173057
592695340475785217
592337854304428036
592695443420745728
592901724802785282
592359313940750337
592332085043466240
593026746649321472
592226630480834560
600150610361589760
592657983911366657
592343682784854016
592807545846308864
592252043298996224
592705318456549376
592291616305618944
593188132687851521
591938740802564100
593583589700214784
592167956940853248
600134340345921538
592700631896457216
592325917759832067
592173009005203456
593097305412210689
591989932438073344
593474322632679424
593811048601366528
593740178881122310
592343855581761536
593230170485616640
593178914480087040
592795613525323778
593331069375516672
593742534158888960
593360130797805568
593151428543303680
593288123334852609
593183136294436864
593804433391161344
592684312153174016
592342435667148800
593036282441306112
593094110443118592
593181573664612352
592344200537972737
592146089597345792
593166729079070720
592698206007463936
593256832736464896
593458268036419584
592384244938334208
592267523967483904
593179898769838080
593602300314288129
593755643141459968
593140508832223232
592825283742400513
592882948581552131
592695329352503299
592612974302367744
592722646091091969
592341553307226112
591913151207120897
592685562085122048
592658899037253632
592284214873235456
593185598086643712
593419061536534528
592841998383652864
600252406627110913
593095695696994304
593662200578904064
591944948062113793
593788388521611264
592601585475145728
592696833413087233
593747428412694528
593041224136790016
593186119514198016
592669422575321088
593064183631093760
593143822458064896
593576580363849728
592370335258845185
593180461758869504
592901158194253826
592209153969360897
593674348679933952
592336988079980544
598083400340271104
592077199341158402
592268795432947712
593796294411493377
593832702379438080
593320214281990144
592139557530935296
593356081226616832
592664869457022977
592343517197807616
593830739436818432
592344157873696769
591995663937744896
593095684036775938
591943368164401153
593475957102620672
592356264455307265
592158813391720448
592342011992236032
592344044765753345
592701104854573059
592668851558559744
592595138502852609
592763161259986945
592249600259575808
592083415966588932
593169761808293889
593152820607643649
592272783587078144
591954283412631553
591983457351401472
592898958378332161
593033597520617472
592208934276046848
593797444036464640
592374985689145344
593180666709319680
592378730015825920
593676022677024768
593797959692754945
593165900024385536
593820526461616128
592650444410724354
592913635703291904
592879547340689408
593042667941933056
592801290884947970
592376182907215873
593012203214667777
592256078072520704
591925061008936960
592253768823111680
592384707205144576
593788619971645440
592700574187069441
592700313041301504
593009312215146496
593166631301304320
592398455861030912
593110645597347840
592342623110631427
592337496639287297
592592940729401344
591970400910843904
593097082187227136
592134927434420224
592620721047633920
592211210008809473
593069297225838592
593808563035836416
593351789522583552
592175434688638976
592160349710716930
592331118722035712
593099330187296768
592942450454343681
593044803878670338
592866136452128769
592879828547858434
592245236560056320
593042251401461760
592332868635987968
592754754310246400
592670814178320384
597737837874778112
593097361972457472
597772956899508225
592344855935758338
592332652964814849
592321120277135360
592344611437158400
591973121516806144
592157924463513600
592341066696785920
592204506013700096
592701140434874369
593617872443703297
592273906817458176
592824371703590913
592700848226041857
593463828576342019
591939674328813568
593153324888752128
593158704607981568
592898882088148992
593360601553969152
592749829475966977
592340896445632512
593016826759524352
593586723189231616
592700981273632768
593319821455929344
592343292114640897
593828081774796800
592138161385410561
592198899261046784
592342308000911360
593102615010873345
592631373594112002
592751338699763713
592616079836499968
593005013066219520
593733554644856832
592332868271120384
592343586336681985
592404629402562561
592375896679452672
591939569093713920
592643410655326208
592357231649161217
592331479834693632
592373114668855296
592128500255084545
597496653831081984
593459468429492224
592911405491351552
592344695423938560
593147052793712640
592816636207472640
592292499265298432
592686799610355712
592250787994021888
592377742475206656
592700858573451265
593303528921174016
593742141777575937
592344944959885312
592343680683347968
593179900250628098
592177558956814338
592701169258110976
593793893956603904
592406962643574784
592321828963528704
592187888902676480
592842375321485313
593147952274640897
593115848136630273
593289984687222786
593287374743801858
592334786091307009
593767994725179393
600275483339558912
592746115956645889
593412860799225856
593077405322903552
592626381944553472
592248995856134144
593359132192702465
592306157345067010
593187660438568963
591919324715036672
593021891088027649
592293308128301056
592689853441167362
592886179508387840
592383138036195328
591961794891141123
593159571809705985
592732198521982979
592684844943077377
593307376544940032
592667138768379904
592650264584159232
592074169816219648
593666000651952128
592896460120846337
592370485469450240
592905336870285312
592681865594740737
592135004521517056
592744978113236992
592169117571940352
593170319407521793
592130992518799360
593116599348899840
592344247199662080
592404803998916608
593166180635947008
592341270850211841
593460595644469248
593153902041800704
592343450273517570
592390053155835905
592612980128358400
593301158950805504
593341747918311424
592377061936869377
592872096914644992
593805268217044992
592344556370272256
592681922129764353
593337554226774016
592270846468562944
593179248803893248
592320265838821376
593356187640332288
593421375198470145
592344708896169984
592128549752074240
592157980218425344
593157706115985408
592343923516780544
600122101069131778
592246698803666944
593187176642383874
592647525615697920
593695530204663808
592139128302673920
592769338979016705
592344918384836608
592332734023933954
593798614020968448
593754189597003776
592341197558915072
592250644913901568
592344944024616960
592888545720827905
591913016838508545
593116263783641089
591940990497198080
593076458391666688
593164532740141056
591928150822629376
593045021928067072
592330190128218114
592700642537447426
592699201554878466
591955258101858304
593181598087938048
593636330120171520
592283258500452353
593111911220154368
592337845525745664
592269103433326592
593154444348522496
593336635405676545
592333096718094337
593356456432304128
592330427169447936
592332549206212609
592699057212108800
592134125894508544
592703776282320896
593117555763478530
592327306909069312
593156830534078464
593165779161382912
592666339547938818
592143164183482368
592908506182918146
592184148975980544
592344849757507585
592331603755433984
592344599076720640
592321101541150721
593814121184788480
592343417742462978
593359308944879616
593169804502147072
592694491116625921
592631425242763265
593360613440618496
592246810074308608
593831568465989632
593199800687792128
592891741746921472
592344738717569025
592139108836888576
591991179723440128
592077718813978626
592351530956783616
592293901278572544
592085013069312001
592344369102913536
593143309482131456
593333859506331648
593056424747499521
592245257166655488
592338152448069635
593477418943442945
592948581604065281
592707878919786497
593178767721299968
592310370347257856
593462915694485506
592958355452272640
592217109310013440
593059498744520705
593120279695593474
592700472647090177
592339073202794496
592335531758891008
592155399832244224
592888698729013248
592645714049642496
592689948316278784
593087768953278465
593831637638483968
592316315366359040
592746684083523585
593098638122942465
592695486882144259
592341078721863680
592072218697342976
592343306530525186
592915056679100416
593200261666996224
593236891983577089
593344740071870464
593349572589654016
591985851376078850
592289399301275648
592241806684721152
592311968351944704
592344682895671296
591930922426994689
592133270021611521
592648328069918720
593201567072911360
592695426047995904
592692955544231936
593691981345202176
592332044274917377
593330732388331520
593827267685429249
591924546023739392
592219903249162240
600447008835543040
592701147556802560
592112666581209088
592809582122168323
592340548482048000
593830956856905730
593060164753870848
592915438574641152
591955532971290624
592746341706702848
593403524756692992
592331937483624448
593791884201308160
600328433055334400
593114289994539008
593042590028693504
592344949435277312
592079810408525825
593183846180458496
592288275286478849
592339601622106112
592269963685048322
592694922144260096
593438398896943104
593656131223846914
592344928111329280
592258898142298112
592694294156292096
597732093787967489
592242015892570112
592340522280312832
593188404340379648
593184163903066114
592306483993251841
592131096113975296
592342064488128512
593831610396585984
592904788947378176
593096874682355712
592750262235828224
593118108124057600
593331118021029889
593030724678193152
592948122533363712
600495915313590272
592778333542289408
592130734199934976
593832938799673344
592208483929296896
593828944115146752
593166327164104705
592871429638590466
593110310808133632
592332997925343232
593094538849222658
593428165982179328
592176604324888576
592245382848978945
592959860750159872
593637530852962306
592697338793205761
592344968611688449
600378082537508864
592121096326881280
592130506126405632
592234699302404096
592341983332470784
592269139407867905
592905738802049024
593005207371390976
593793527567360000
592344180359241728
592696571713687553
592188336950804480
593786220263571457
592913911604649984
600481398944768000
592335762827321346
592887347924094977
592645460952682496
593158520326885376
593288807077773312
593188602860941312
592700343819116544
593336318291152896
592909332750143493
592343121620402179
592691422144417792
593273575198494722
592699807615086592
592245975969701888
593106924867977216
592911731053207552
592343504245891072
593149401608167427
593760605669961728
593004153942646785
593287684832890881
593326732373032960
592373909548244992
592326613578067969
592964439541972993
592328488104828930
593083438737006592
592902025991561216
593354112604835840
592225769130053632
592331288478130179
599877883545300993
593360369982119936
592341263266906113
592314684612550656
592741758238330880
593057730371440640
592895183928303616
591910453141344256
593825499186483200
592340605130289152
593632145400168448
593360158190804993
592643473532063744
597737050373115904
592918865677418496
592910802069245952
592344958566207488
592101119662235648
592699625410273281
592373665334894592
593017270978408448
592618401849167872
593182440065208320
592343104021262336
592342680144719873
600287354205569024
592196498466672640
592270343391162368
592311777259491329
592089569396281344
592700987586011137
593138710750883840
593184365477265408
592378765180821506
592337287624654848
592269113742925824
592322469874237440
598066320442302465
593022043282628608
593049934737309696
592335158000353280
592956616640630784
593817149799436289
592327121328025600
592312284975792130
592843696565002240
592112744221921280
592778473883697153
593302157639585792
592344771806367744
592689334593167361
592740825391575041
593317620113276929
592989960606720001
600107702908510208
592344069789061120
591904330497675265
593795218937249792
592697294413307904
592228011581116416
593298299446243329
592600384452997120
593333581935554560
592979579909709824
592294776549998592
600224957327507456
593467139815772161
592376579495440386
593583781652508672
593416827620851712
592312130222841856
592344726533218304
592340465241853952
592897938776547328
592701088677134338
593575561571803136
593806889139490816
593262705588498432
592895119487033347
592100552974163969
593395116066242560
592344540603936768
593184335391371264
592140872084377601
592902241130041344
593829724801073152
593106101991792640
592067906084700160
592740456431284224
600034425129271297
591905144389947392
592697717467586561
592343801554804736
592936102933168128
600412739287126016
592324030822252544
592736822226194432
592965990821924865
593094869997891584
592700999019732993
593595554656980992
592906519492059137
592288433235763200
592338679617617920
593319359583559680
591939334833451008
592344767574319104
593646175812767744
592337085543092226
593352232440999937
592281837323554817
591911225245569024
593727964786905088
593828792856096769
593814411397169153
592344823430012928
592296233202556929
592271468093841409
592680844331974658
592149334994518016
592705870154342400
592353565483597824
593138391228686336
593187902152019968
593107718619140096
592822243455021056
593832463044083713
592207021895647232
592337178333736961
592295747581796352
593406163363868672
593046401279365120
592344707755278336
592659082747719680
592130675517444097
593399155936100354
592787560549736449
592195052811653120
593157981627265024
593145588365062144
592343856466759681
593305199890079744
592284932761718784
592342929118625793
592373027830009856
593798264304041984
592344090194407424
592359685774188544
592255413195706368
592339525931773952
592669395366842368
593305362746322944
591938481447829504
592173693167480832
593071249439457281
592141073071349760
592344172981460992
592349417115553792
593792737113026560
592614529546244096
593297981849219074
592910138488520705
592666580980469760
592344892044681217
592344756207910912
592673634751279105
593802259668017152
592994736631218176
592691377701560324
593188573202948097
592287855327612928
593474521950203906
592652806919716865
592689702056153091
592342818372329472
592674215087763458
592089592502718465
591909147265798145
592399538620502016
592339652960329729
592367611427586048
591981019386904576
592306174130659328
592212792599384064
593164168817201153
592181545944809473
593076867000700928
593438315505942530
592337689363386368
591955159619661824
592367690632667136
592606987277475840
593115676107149312
592293950028845059
592679665757777920
593256300538044416
592377791410089984
592327013068775424
592141218647269376
597789920820908032
592696255719022593
592344439474884608
593358970552594432
600315569498259456
592669920145596416
599971752383541249
593353405600436224
593503025907372032
592692001361002499
592344006735974401
592342104946257922
592340951357468672
593469555424493568
592344665321443329
591921148994007040
592906864595185667
592883593027944450
591962243752861697
597632258166509568
593110945095929856
593816525884133377
593182617178017792
593750649122217984
592742935910850562
592344790005485572
592962961980956672
593741397049544704
593305609891512322
591972670918496256
592342046968389632
593220531245088768
593833032697524224
592697872623218689
592334482495172608
592703377097760768
598052472335269888
592673035221671936
593822006711201792
593555102574620672
592868457118588928
592692601104572416
592344746628096002
591977144726716416
592272779921072128
592261443476541440
593187632881872896
593248695489044481
593795351192166400
593805450937696256
592949352596897792
592243010278072320
592343577750941696
592698937804509184
593086956227166209
592344716332572673
593832096285626370
592248827110772736
592104368171683840
592893536707706884
592133224505053184
593111173890990082
593803876374970368
593160485689778177
592700117565702146
592619305235124224
592329414102228993
593818043060326400
593178848029605888
592270168220250112
592672862101741568
592663891911516160
593154527915835392
592796684826083328
592695401565822978
592117491394060288
600064887373570048
592692865060450309
591990346705338368
592255996128403456
592699630602866690
592342125720666112
592253535992946689
592328052685832192
600500927334776832
593020429197058048
593701932021194752
592376537304801280
593186026408906755
593831230229106688
592339798070702080
592756339530702849
592700172846669825
592333170449592320
592108836657311744
592262814682591232
593021947253895169
592687894013321216
592691821454696448
592117240046182400
593711225814396928
592868455021412353
600383343482535936
592305987916320769
600504697946972160
592654938196594688
592087835450220544
600503285200609280
592344653111894016
592209209535500289
593157615279968256
592342817231503361
593191473694306304
593748286038736896
593696441471668224
592344307626946560
592343900179730432
592329784983556096
593795705795313664
593819547372638208
592344666214932480
593187372054937600
593095482567622656
592123955680571392
593185724838457344
592701162861797376
592840714775601153
592199208217763840
592402988016078850
591988236249104384
592141687754883072
591950925234872320
593112056066224128
593440543620866049
592911633141395456
593762381697851394
592993359993708544
593359101314359297
592683636354351109
592683668440817664
592700205948100608
592344021902729217
591937618310402048
593180864902664192
593165449304543233
592130369094164481
591975655312478208
593534672275025922
592341060023529472
591934434506444800
592700771273187328
592341469467439107
593630828644663296
592697370929930241
593148336435236864
598082224823504896
593581818466566144
592343658076209155
591991109011701760
592343506150010880
592341349824888833
592341346389762048
592980037332152321
592274021657358337
593022495416004608
600504152712564736
593778948099543042
593142837488803841
592670717432492033